# This file given to me by Bruno Henriques (given to him by Cheng Li) and is as used by him in the Henriques+ 2014 model paper.
# Columns are bin_min [log h^2 Mstar], bin_max, bin_median, phi [h^3 Mpc^-3], error on phi
 8.00000       8.10000       8.04839      0.607841E-01  0.627045E-02
 8.10000       8.20000       8.14839      0.487446E-01  0.572977E-02
 8.20000       8.30000       8.25027      0.483052E-01  0.482862E-02
 8.30000       8.40000       8.35001      0.471335E-01  0.436372E-02
 8.40000       8.50000       8.44661      0.452859E-01  0.391138E-02
 8.50000       8.60000       8.54899      0.437161E-01  0.355908E-02
 8.60000       8.70000       8.65091      0.422905E-01  0.291326E-02
 8.70000       8.80000       8.75063      0.382366E-01  0.285608E-02
 8.80000       8.90000       8.84852      0.364003E-01  0.241977E-02
 8.90000       9.00000       8.94853      0.332967E-01  0.220077E-02
 9.00000       9.10000       9.04953      0.305887E-01  0.194065E-02
 9.10000       9.20000       9.14898      0.266922E-01  0.168990E-02
 9.20000       9.30000       9.24990      0.252039E-01  0.153554E-02
 9.30000       9.40000       9.34966      0.232393E-01  0.156154E-02
 9.40000       9.50000       9.44976      0.216897E-01  0.131768E-02
 9.50000       9.60000       9.55009      0.213392E-01  0.117258E-02
 9.60000       9.70000       9.64961      0.202861E-01  0.111039E-02
 9.70000       9.80000       9.74988      0.196445E-01  0.936581E-03
 9.80000       9.90000       9.84944      0.196862E-01  0.904816E-03
 9.90000       10.0000       9.94947      0.189910E-01  0.775759E-03
 10.0000       10.1000       10.0491      0.180303E-01  0.613447E-03
 10.1000       10.2000       10.1488      0.159853E-01  0.542934E-03
 10.2000       10.3000       10.2489      0.140075E-01  0.461579E-03
 10.3000       10.4000       10.3485      0.119744E-01  0.371657E-03
 10.4000       10.5000       10.4481      0.985934E-02  0.290803E-03
 10.5000       10.6000       10.5475      0.776126E-02  0.223172E-03
 10.6000       10.7000       10.6467      0.563536E-02  0.161181E-03
 10.7000       10.8000       10.7462      0.379885E-02  0.121725E-03
 10.8000       10.9000       10.8459      0.241655E-02  0.572138E-04
 10.9000       11.0000       10.9452      0.137208E-02  0.371800E-04
 11.0000       11.1000       11.0444      0.707736E-03  0.269802E-04
 11.1000       11.2000       11.1434      0.335003E-03  0.102344E-04
 11.2000       11.3000       11.2427      0.139157E-03  0.578758E-05
 11.3000       11.4000       11.3420      0.526785E-04  0.322807E-05
 11.4000       11.5000       11.4404      0.179797E-04  0.189528E-05
 11.5000       11.6000       11.5387      0.487495E-05  0.921285E-06
 11.6000       11.7000       11.6423      0.136285E-05  0.434947E-06
 11.7000       11.8000       11.7415      0.366751E-06  0.138474E-06
 11.8000       11.9000       11.8319      0.165172E-06  0.923081E-07
