# taken from 2013MNRAS.432.1961W Table 2 https://academic.oup.com/view-large/70781398/SDSS%20galaxy%20angular%20two-point%20correlation%20function
theta  w_r_17_21 w_err_r_17_21 w_r_17_18 w_err_r_17_18 w_r_18_19 w_err_r_18_19 w_r_19_20 w_err_r_19_20 w_r_20_21 w_err_r_20_21
0.006  0.3173    0.0045        1.7583    0.0797        0.8129    0.0220        0.4498    0.0074        0.2456      0.0049
0.007  0.2548    0.0040        1.3099    0.0559        0.6805    0.0182        0.3705    0.0059        0.1995      0.0047
0.009  0.2093    0.0034        1.0344    0.0448        0.5634    0.0149        0.3041    0.0055        0.1646      0.0043
0.012  0.1718    0.0031        0.8975    0.0352        0.4582    0.0112        0.2520    0.0037        0.1349      0.0040
0.016  0.1458    0.0029        0.7198    0.0325        0.3871    0.0113        0.2134    0.0037        0.1166      0.0038
0.020  0.1269    0.0027        0.6310    0.0260        0.3241    0.0087        0.1824    0.0038        0.1022      0.0039
0.026  0.1106    0.0025        0.5108    0.0245        0.2733    0.0093        0.1549    0.0034        0.0904      0.0036
0.033  0.0943    0.0023        0.4274    0.0193        0.2296    0.0067        0.1328    0.0032        0.0779      0.0034
0.043  0.0794    0.0021        0.3619    0.0183        0.1957    0.0068        0.1112    0.0028        0.0660      0.0032
0.056  0.0664    0.0020        0.3019    0.0146        0.1611    0.0061        0.0942    0.0026        0.0554      0.0030
0.072  0.0552    0.0018        0.2564    0.0139        0.1385    0.0052        0.0773    0.0023        0.0463      0.0028
0.092  0.0455    0.0017        0.2091    0.0114        0.1114    0.0046        0.0642    0.0021        0.0384      0.0025
0.119  0.0375    0.0015        0.1723    0.0102        0.0899    0.0041        0.0525    0.0018        0.0318      0.0023
0.153  0.0306    0.0013        0.1419    0.0087        0.0726    0.0035        0.0425    0.0016        0.0260      0.0020
0.197  0.0250    0.0012        0.1133    0.0074        0.0585    0.0030        0.0346    0.0015        0.0213      0.0017
0.254  0.0209    0.0011        0.0929    0.0061        0.0480    0.0027        0.0291    0.0014        0.0178      0.0014
0.327  0.0178    0.0011        0.0781    0.0054        0.0400    0.0025        0.0249    0.0014        0.0153      0.0011
0.421  0.0152    0.0011        0.0642    0.0049        0.0330    0.0022        0.0210    0.0013        0.0131      0.0010
0.543  0.0123    0.0010        0.0531    0.0042        0.0268    0.0021        0.0171    0.0012        0.0105      0.0009
0.699  0.0097    0.0009        0.0440    0.0036        0.0219    0.0018        0.0136    0.0011        0.0083      0.0008
0.901  0.0078    0.0008        0.0367    0.0032        0.0179    0.0016        0.0108    0.0010        0.0066      0.0007
1.161  0.0060    0.0007        0.0294    0.0029        0.0137    0.0014        0.0084    0.0008        0.0050      0.0006
1.495  0.0046    0.0006        0.0243    0.0027        0.0108    0.0014        0.0064    0.0007        0.0038      0.0005
1.927  0.0035    0.0006        0.0195    0.0024        0.0085    0.0012        0.0048    0.0007        0.0029      0.0005
2.482  0.0026    0.0005        0.0160    0.0021        0.0063    0.0012        0.0034    0.0006        0.0021      0.0004
3.198  0.0018    0.0005        0.0124    0.0020        0.0045    0.0011        0.0023    0.0006        0.0015      0.0004
4.120  0.0012    0.0004        0.0080    0.0020        0.0029    0.0010        0.0015    0.0006        0.0010      0.0003
5.308  0.0010    0.0004        0.0063    0.0018        0.0023    0.0009        0.0011    0.0005        0.0008      0.0003
6.838  0.0007    0.0003        0.0052    0.0017        0.0019    0.0008        0.0010    0.0004        0.0006      0.0003
8.810  0.0006    0.0003        0.0049    0.0017        0.0019    0.0007        0.0008    0.0004        0.0005      0.0003