# taken from 10.1088/0004-637X/736/1/59 http://iopscience.iop.org/0004-637X/736/1/59/suppdata/apj391584t9_ascii.txt and http://iopscience.iop.org/0004-637X/736/1/59/suppdata/apj391584t10_ascii.txt
r_p wp_Mr_23_22_blue wp_err_Mr_23_22_blue wp_Mr_22_21_blue wp_err_Mr_22_21_blue wp_Mr_21_20_blue wp_err_Mr_21_20_blue wp_Mr_20_19_blue wp_err_Mr_20_19_blue wp_Mr_19_18_blue wp_err_Mr_19_18_blue wp_Mr_23_22_red wp_err_Mr_23_22_red wp_Mr_22_21_red wp_err_Mr_22_21_red wp_Mr_21_20_red wp_err_Mr_21_20_red wp_Mr_20_19_red wp_err_Mr_20_19_red wp_Mr_19_18_red wp_err_Mr_19_18_red
0.17  273.8  40.0   131.7  8.0   108.4  8.5   87.6  8.5   59.2  10.8   3158  1061   821.7  45.5  570.9  24.4  724.0  63.0   1623  311
0.27  160.2  19.6   101.1  5.4    89.7  6.9   72.1  6.6   78.2  11.7   1300  268    542.0  24.1  433.1  17.5  570.7  51.3   1197  252
0.42  132.5  11.6    80.3  3.9    64.8  4.4   52.1  6.9   60.9  10.1  875.7  135.5  339.6  12.3  305.1  14.7  390.7  39.3  852.6  203.1
0.67  111.6  350.0   77.7  7.0    58.1  3.0   48.8  4.1   44.9  4.7   633.7  82.3   201.7  7.8   206.5  11.4  257.5  31.9  525.5  138.8
1.1   164.5  129.8   66.4  4.4    45.3  2.3   37.9  2.8   34.1  4.8   350.4  35.0   132.4  5.1   125.8  8.6   157.1  21.2  313.6  106.9
1.7    55.6  62.6    47.0  2.5    37.2  2.0   27.9  2.9   24.6  3.6   164.3  18.4    83.4  3.5    82.0  6.8    95.0  17.3  165.2  61.3
2.7    20.9  36.9    28.7  1.9    27.9  1.8   20.1  2.5   18.0  2.9   127.3  13.1    60.3  2.9    56.8  5.5    61.3  12.0   91.6  29.4
4.2    98.9  32.8    23.8  1.6    20.7  1.7   16.1  2.2   11.8  2.0   107.0  7.5     42.2  2.6    39.6  4.8    39.3  8.2    42.1  11.5
6.7    56.9  16.8    15.6  1.1    14.5  1.6   11.1  1.9   7.26  1.74   61.3  4.2     29.2  2.2    28.0  4.1    25.1  6.1    14.5  6.3
10.6   32.7  13.8    10.6  1.0    10.4  1.4   7.17  1.40  4.27  1.20   35.6  3.5     18.2  1.7    17.8  2.9    14.1  3.3    9.93  3.82
16.9   25.6  8.4     6.08  0.79   6.33  1.09  3.75  1.15  2.87  0.93   20.7  2.5     9.74  1.21   9.30  1.68   6.97  2.42   6.43  3.32
26.8   15.7  7.1     3.41  0.61   3.77  0.84  1.57  0.96  1.26  0.70   10.2  1.8     4.68  0.92   5.47  1.48   4.23  3.20   2.99  3.01
42.3   13.6  4.0     2.07  0.51   2.95  0.68  0.33  0.71  0.15  0.72   4.69  1.18    3.22  0.68   3.85  1.08   2.53  2.40   0.29  3.04