# taken from 10.1088/0004-637X/736/1/59 http://iopscience.iop.org/0004-637X/736/1/59/suppdata/apj391584t7_ascii.txt
rp wp_Mr_23_22 wp_err_Mr_23_22 wp_Mr_22_21 wp_err_Mr_22_21 wp_Mr_21_20 wp_err_Mr_21_20 wp_Mr_20_19 wp_err_Mr_20_19 wp_Mr_19_18 wp_err_Mr_19_18 wp_Mr_18_17 wp_err_Mr_18_17
0.17       2307    510       536.1   25.4       297.9   9.9       269.0   18.3      268.4   46.7       211.6   64.7
0.27       1200    208       359.0   12.4       231.5   7.8       208.7   16.3      212.1   37.0       203.9   67.3
0.42       713.4   100.0     238.6   6.5        166.4   6.6       152.2   13.1      153.7   31.0       158.1   58.7
0.67       527.2   62.0      148.7   4.8        117.2   5.4       108.8   11.2      109.8   22.1       114.4   46.8
1.1        274.1   25.6       99.1   3.2         79.3   4.3        73.1   7.9        75.1   18.0        79.4   34.1
1.7        155.6   15.4       65.6   2.2         55.8   3.6        48.5   6.8        47.1   12.0        53.0   20.8
2.7        109.7   10.7       47.2   2.0         40.4   3.3        33.8   5.2        31.4   7.6         36.7   13.9
4.2        92.0    5.9        34.0   1.8         29.3   3.1        24.2   4.0        18.0   4.0         21.7   9.9
6.7        56.1    3.8        23.6   1.5         20.9   2.7        16.2   3.3        9.43   2.50        12.9   6.2
10.6       33.2    3.1        14.9   1.3         13.9   2.0        9.94   2.03       5.95   1.68        2.43   3.10
16.9       19.4    2.3        8.30   0.92        7.87   1.32       5.00   1.53       3.73   1.31        0.23   3.04
26.8       10.3    1.7        4.08   0.72        4.59   1.09       2.47   1.68       1.82   1.11       -0.93   1.71
42.3       5.21    1.26       2.68   0.54        3.40   0.85       1.11   1.28       0.23   1.15       -4.89   1.85