0.754132
0.786991
0.749188
0.089902
0.708908
0.234899
0.175208
0.502701
0.715333
0.0683666
0.267929
0.649611
0.332004
0.340971
0.0819964
0.185607
0.255711
0.560959
0.0681697
0.704571
0.643369
0.146532
0.28872
0.782304
0.175422
0.491455
0.64897
0.791522
0.625892
0.347546
0.213232
0.841351
0.332705
0.793089
0.111721
0.459881
0.382634
0.778453
0.71672
0.0704984
0.507488
0.607014
0.132459
0.489343
0.67291
0.104696
0.46599
0.0762447
0.0554346
0.655652
0.194633
0.262923
0.262015
0.388354
0.350034
0.160856
0.163628
0.612017
0.709256
0.145043
0.214483
0.506987
0.141781
0.0731209
0.681884
0.658663
0.146816
0.556665
0.427349
0.272128
0.411885
0.504833
0.236062
0.317769
0.339869
0.465266
0.519469
0.265767
0.227999
0.838714
0.412737
0.241005
0.0804692
0.125621
0.010665
0.323201
0.739671
0.0404207
0.644676
0.284251
0.260596
0.0280185
0.574996
0.21362
0.698071
0.271509
0.132424
0.446444
0.468181
0.839342
0.374074
0.852146
0.365874
0.235987
0.405737
0.0261513
0.0649938
0.0998507
0.23289
0.524118
0.617296
0.124325
0.0791495
0.12863
0.482345
0.156106
0.554513
0.0684521
0.713264
0.171257
0.174294
0.93279
0.716425
0.324631
0.349422
0.548507
0.128293
0.0974736
0.155511
0.314442
0.486282
0.813808
0.20654
0.370782
0.702751
0.256921
0.192228
0.677335
0.375655
0.541651
0.0824324
0.685104
0.203033
0.0850552
0.844786
0.514874
0.336352
0.729513
0.122065
0.503951
0.146665
0.487292
0.524115
0.505911
0.350905
0.194029
0.249623
0.629257
0.72597
0.563553
0.780763
0.0792635
0.183881
0.558727
0.524758
0.473366
0.403145
0.174761
0.0689443
0.191523
0.280446
0.134544
0.889445
0.443509
0.291259
0.34407
0.233963
0.203936
0.45808
0.599942
0.403682
0.565741
0.150618
0.324217
0.28636
0.591167
0.860435
0.558588
0.638322
0.677033
0.230217
0.511956
0.164796
0.199718
0.0290705
0.351284
0.473974
0.273609
0.337406
0.634293
0.293063
0.0684849
0.564003
0.224027
0.760494
0.123354
0.60052
0.516001
0.14803
0.451737
0.440841
0.164916
0.886831
0.0461212
0.706703
0.706597
0.786524
0.597526
0.0851953
0.387283
0.505456
0.310766
0.057251
0.812999
0.746146
0.36488
0.142096
0.506477
0.78699
0.134313
0.55958
0.169809
0.401525
0.0399952
0.156783
0.477739
0.293496
0.607447
0.397421
0.183609
0.84475
0.761112
0.18505
0.532264
0.345352
0.100939
0.135912
0.30135
0.285763
0.155023
0.158562
0.239264
0.416812
0.750737
0.234219
0.424372
0.501363
0.536503
0.231278
0.181303
0.120362
0.181388
0.52759
0.271042
0.491962
0.541347
0.26795
0.0312926
0.859339
0.295363
0.786007
0.352358
0.101757
0.872633
0.423446
0.232101
0.761931
0.878932
0.278708
0.420105
0.666157
0.692313
0.100234
0.600392
0.261451
0.477714
0.0465503
0.455239
0.0361732
0.516595
0.310544
0.340211
0.491624
0.367852
0.247632
0.204892
0.0474309
0.262174
0.114532
0.3134
0.449467
0.0387425
0.0482646
0.165723
0.866913
0.520613
0.507372
0.0388261
0.324536
0.834967
0.446022
0.854819
0.180752
0.36046
0.237324
0.408153
0.073203
0.344166
0.155479
0.264807
0.169415
0.170622
0.136922
0.211239
0.209118
0.351116
0.0540074
0.205461
0.022488
0.138042
0.884798
0.330339
0.678228
0.246564
0.601342
0.321599
0.858022
0.617776
0.406885
0.390648
0.84734
0.728244
0.469415
0.353462
0.410768
0.764674
0.187835
0.664248
0.595628
0.640188
0.826234
0.0960915
0.275304
0.223278
0.340375
0.0580138
0.674774
0.101222
0.5967
0.739476
0.81932
0.301568
0.0768591
0.686629
0.601405
0.496305
0.101587
0.133016
0.245436
0.602236
0.168733
0.0341341
0.682789
0.31739
0.5168
0.507047
0.209983
0.400759
0.141716
0.322686
0.0181092
0.885018
0.100563
0.201973
0.536697
0.36563
0.745313
0.302666
0.503558
0.496473
0.758115
0.101475
0.526677
0.464893
0.245546
0.775488
0.721117
0.0378189
0.114906
0.627229
0.591617
0.432496
0.366389
0.637994
0.678849
0.12096
0.378466
0.0869436
0.423219
0.541289
0.228443
0.652023
0.314651
0.178259
0.610459
0.133242
0.730806
0.396138
0.556291
0.097876
0.775898
0.0868616
0.104403
0.642756
0.0541533
0.646675
0.209012
0.130118
0.864014
0.545562
0.130587
0.474744
0.0227532
0.0929274
0.373693
0.53798
0.167063
0.0191969
0.289707
0.435287
0.197367
0.173389
0.650563
0.326721
0.462999
0.351517
0.265948
0.660445
0.0750891
0.108419
0.129834
0.240653
0.567774
0.060863
0.0449415
0.668169
0.239167
0.426339
0.777176
0.166531
0.707343
0.121802
0.260152
0.0425635
0.270038
0.169363
0.179772
0.0252066
0.596318
0.272047
0.459459
0.645831
0.454567
0.342204
0.223579
0.38583
0.485344
0.0396875
0.402868
0.748235
0.0900554
0.354217
0.848078
0.0841214
0.0853913
0.738947
0.313103
0.529426
0.814554
0.2272
0.27412
0.217494
0.205307
0.0797629
0.847191
0.722035
0.358295
0.10684
0.0807918
0.365745
0.2514
0.295724
0.153225
0.408619
0.21538
0.269189
0.211094
0.203333
0.302232
0.080159
0.0149548
0.834396
0.491238
0.262367
0.358934
0.240742
0.681702
0.0366416
0.51417
0.410927
0.0401469
0.180872
0.653968
0.200711
0.517808
0.769184
0.805676
0.332939
0.109924
0.74508
0.638164
0.162386
0.256226
0.889865
0.0396985
0.162276
0.326612
0.661201
0.53414
0.333047
0.0523715
0.535439
0.679894
0.759309
0.191637
0.170266
0.37321
0.198718
0.383872
0.875878
0.140079
0.596113
0.591645
0.492308
0.334731
0.221123
0.593821
0.434099
0.174715
0.582933
0.339437
0.281668
0.678289
0.71079
0.680231
0.745182
0.365867
0.36968
0.510989
0.740818
0.212894
0.413993
0.713058
0.347124
0.514005
0.521075
0.56409
0.317586
0.218219
0.929117
0.687755
0.751299
0.0164078
0.610642
0.783219
0.325732
0.60834
0.23286
0.251193
0.462848
0.230009
0.715931
0.606805
0.0441142
0.0910404
0.438528
0.666038
0.301985
0.689406
0.208721
0.342381
0.0956395
0.844693
0.276522
0.281471
0.247739
0.0256879
0.415052
0.181556
0.255197
0.236882
0.43971
0.442545
0.430895
0.579316
0.318689
0.618092
0.125757
0.242114
0.566482
0.622082
0.482878
0.475214
0.372603
0.358032
0.0878946
0.0418834
0.163056
0.638778
0.652171
0.398916
0.55862
0.0637503
0.147357
0.462233
0.272859
0.343729
0.34213
0.137406
0.24947
0.714906
0.746941
0.665424
0.46726
0.432194
0.359068
0.352722
0.176627
0.636504
0.163881
0.590284
0.835548
0.291472
0.648537
0.443147
0.680727
0.707899
0.524036
0.493662
0.606926
0.322113
0.330237
0.348316
0.663915
0.175872
0.402414
0.303183
0.133591
0.770729
0.437113
0.525459
0.261295
0.571195
0.334739
0.415032
0.627172
0.337109
0.344788
0.247087
0.795653
0.500454
0.517492
0.332345
0.331614
0.680429
0.0664933
0.365714
0.314118
0.467079
0.69582
0.353582
0.0758207
0.0486858
0.169017
0.150849
0.375856
0.0136096
0.587339
0.264274
0.318805
0.0196008
0.566238
0.660709
0.141244
0.798586
0.508272
0.282009
0.153167
0.25252
0.165535
0.438802
0.0387017
0.338705
0.183487
0.124217
0.743597
0.519012
0.0412698
0.264342
0.755827
0.44921
0.639116
0.643277
0.204236
0.0380112
0.378947
0.257965
0.108892
0.171443
0.591302
0.160113
0.103966
0.385151
0.0880425
0.537489
0.825909
0.808989
0.694921
0.486599
0.299778
0.692545
0.45469
0.901146
0.141379
0.0332848
0.474565
0.206305
0.228548
0.14966
0.295982
0.920871
0.198949
0.330745
0.670834
0.323852
0.458704
0.286941
0.368982
0.393728
0.113859
0.196815
0.0275549
0.161099
0.532153
0.794657
0.0490877
0.106071
0.347505
0.243576
0.592683
0.677381
0.109034
0.0864197
0.249889
0.113911
0.18597
0.671561
0.488278
0.375429
0.187514
0.014772
0.186064
0.618591
0.402998
0.261037
0.548495
0.242529
0.104714
0.153288
0.761796
0.344017
0.101284
0.177794
0.345827
0.850544
0.534934
0.681835
0.657038
0.343495
0.139272
0.727552
0.0885601
0.433504
0.121167
0.131254
0.0810647
0.702903
0.12946
0.158141
0.58443
0.864627
0.532096
0.48765
0.43707
0.829486
0.379428
0.875288
0.629648
0.632803
0.319992
0.445121
0.148414
0.532428
0.0603065
0.325729
0.823465
0.412988
0.23113
0.313726
0.656386
0.0385533
0.383796
0.421131
0.427101
0.223075
0.0814188
0.228866
0.444291
0.86211
0.397369
0.33633
0.206545
0.906541
0.42959
0.416322
0.70981
0.346542
0.251533
0.161369
0.398449
0.128393
0.171129
0.428699
0.380969
0.715131
0.111015
0.574192
0.43261
0.422811
0.505246
0.633656
0.566531
0.48089
0.68341
0.273
0.149897
0.0808569
0.548423
0.378561
0.677041
0.0978206
0.213222
0.384988
0.494348
0.775301
0.220037
0.238858
0.142933
0.502784
0.13334
0.515023
0.62091
0.629803
0.328964
0.788968
0.0879634
0.481556
0.169625
0.472522
0.443659
0.169711
0.35759
0.216757
0.572795
0.182111
0.0895303
0.149104
0.172663
0.0283613
0.489074
0.760377
0.539093
0.154094
0.611036
0.303439
0.11321
0.613539
0.17238
0.459665
0.186604
0.781744
0.20587
0.0819263
0.40359
0.52535
0.752391
0.356097
0.658063
0.295285
0.596739
0.45063
0.18303
0.145046
0.10833
0.422309
0.315099
0.262361
0.0696271
0.287366
0.559146
0.148212
0.297864
0.0935484
0.369929
0.264634
0.401276
0.46031
0.66953
0.753283
0.0600854
0.261803
0.0121476
0.442775
0.486661
0.404121
0.681906
0.135308
0.0852733
0.496487
0.466048
0.0722579
0.0966014
0.605595
0.119633
0.445325
0.16325
0.205417
0.142066
0.79874
0.194227
0.104657
0.453366
0.618266
0.631342
0.0733289
0.558149
0.376233
0.285016
0.102373
0.26716
0.486509
0.115823
0.873148
0.28364
0.61142
0.133067
0.45392
0.552065
0.54992
0.367144
0.383501
0.151737
0.774718
0.126872
0.0475265
0.569256
0.558867
0.0946999
0.638525
0.314796
0.162649
0.274021
0.866924
0.402542
0.506405
0.178218
0.0824958
0.438097
0.399454
0.429567
0.76103
0.00543341
0.0542317
0.464991
0.508561
0.334053
0.25196
0.143054
0.248296
0.793599
0.595071
0.11288
0.639447
0.688337
0.401007
0.41333
0.557008
0.0872654
0.340413
0.410137
0.139384
0.607229
0.109333
0.230257
0.426902
0.473475
0.0485651
0.148842
0.242216
0.719784
0.303927
0.478544
0.705949
0.217653
0.0557763
0.0867272
0.345074
0.216409
0.687041
0.272464
0.284501
0.154258
0.185787
0.228223
0.318581
0.809016
0.454896
0.0863793
0.328527
0.333894
0.161856
0.395317
0.405903
0.0882867
0.951326
0.109346
0.282629
0.469016
0.534704
0.176591
0.0319524
0.332729
0.505263
0.350653
0.616342
0.269146
0.0662442
0.463259
0.785518
0.623305
0.650939
0.251305
0.424134
0.759864
0.810503
0.239715
0.322352
0.287841
0.28197
0.106901
0.399178
0.745204
0.471548
0.276284
0.136722
0.659155
0.80984
0.444559
0.351204
0.0687752
0.713287
0.276639
0.0167466
0.161473
0.653098
0.188492
0.421974
0.694615
0.602993
0.32362
0.358825
0.321634
0.260865
0.225415
0.189219
0.578406
0.360196
0.268892
0.233176
0.393301
0.249498
0.706507
0.826491
0.259914
0.371227
0.339125
0.325032
0.495832
0.206918
0.228293
0.607299
0.494333
0.756942
0.0336431
0.375175
0.0384866
0.107641
0.247558
0.449067
0.261589
0.837522
0.340166
0.791719
0.524494
0.793213
0.834659
0.232074
0.0821287
0.234051
0.502848
0.633092
0.789485
0.352527
0.604695
0.759388
0.271234
0.101498
0.151315
0.730166
0.276221
0.682132
0.732487
0.0283526
0.624003
0.498275
0.459411
0.344691
0.696235
0.0356166
0.383703
0.176835
0.285431
0.153286
0.662483
0.656585
0.718584
0.741846
0.175607
0.212657
0.43322
0.158437
0.397268
0.830462
0.232149
0.080459
0.524784
0.665925
0.706117
0.078135
0.61605
0.133336
0.0363809
0.389309
0.724845
0.0860377
0.404498
0.261131
0.678753
0.181854
0.210239
0.116217
0.394491
0.489381
0.20826
0.298095
0.479463
0.399707
0.385181
0.32168
0.254191
0.555544
0.882817
0.888596
0.220201
0.262445
0.681437
0.893368
0.0604055
0.265356
0.202598
0.164939
0.567387
0.677411
0.118351
0.754076
0.667853
0.183026
0.395161
0.295948
0.670739
0.139527
0.157378
0.454153
0.242566
0.296046
0.26312
0.701667
0.0398418
0.073126
0.807972
0.231663
0.296889
0.902401
0.489506
0.58379
0.119472
0.268238
0.0631405
0.0512151
0.498408
0.52833
0.635074
0.472946
0.685209
0.13405
0.877509
0.32594
0.326558
0.381033
0.5192
0.408127
0.100908
0.83685
0.396409
0.423384
0.371629
0.0683817
0.37771
0.691577
0.183211
0.375429
0.276601
0.162196
0.393217
0.577933
0.53007
0.522004
0.49891
0.220264
0.716583
0.1307
0.150724
0.408415
0.0342153
0.610777
0.543964
0.832485
0.902734
0.187573
0.471802
0.0409385
0.638736
0.657601
0.384184
0.287785
0.870199
0.713214
0.359063
0.807463
0.163635
0.466657
0.826443
0.0242954
0.321989
0.854677
0.349543
0.780253
0.537116
0.520527
0.372986
0.0848232
0.0612316
0.601173
0.0921764
0.0891569
0.308607
0.853426
0.147315
0.172999
0.705774
0.746728
0.756258
0.716785
0.136496
0.219597
0.152784
0.0975658
0.160567
0.303682
0.113135
0.763459
0.375276
0.0472825
0.416061
0.0688349
0.529864
0.194475
0.523799
0.701588
0.505284
0.109214
0.777571
0.173759
0.355729
0.481713
0.752706
0.0985715
0.434129
0.209214
0.361663
0.385403
0.10892
0.844961
0.664784
0.21653
0.259695
0.76157
0.27879
0.0608584
0.0864929
0.286516
0.280472
0.216373
0.449495
0.416989
0.779498
0.0909733
0.0759662
0.562754
0.0747164
0.160135
0.567466
0.130034
0.0839859
0.862305
0.455994
0.238792
0.539332
0.537887
0.605021
0.526165
0.388204
0.268519
0.18966
0.166071
0.259142
0.131286
0.680352
0.68591
0.364253
0.229319
0.163565
0.270142
0.236533
0.13704
0.368157
0.15987
0.290962
0.347592
0.384791
0.148303
0.596989
0.790006
0.419359
0.816812
0.759772
0.116036
0.814974
0.735916
0.695473
0.330291
0.873843
0.0483909
0.470392
0.509332
0.301165
0.310897
0.807226
0.70172
0.212843
0.821851
0.245783
0.581814
0.710215
0.403241
0.80762
0.511306
0.159189
0.290947
0.227139
0.324417
0.367943
0.671017
0.552041
0.315002
0.333494
0.0898012
0.807447
0.645944
0.421549
0.626829
0.3763
0.422899
0.380517
0.381994
0.725907
0.354616
0.169138
0.349601
0.482787
0.0604464
0.283846
0.554445
0.785149
0.431137
0.474694
0.340468
0.495625
0.10971
0.528773
0.498486
0.533305
0.0762235
0.799282
0.401416
0.215292
0.654154
0.271699
0.229674
0.491889
0.276526
0.184185
0.147304
0.507185
0.389913
0.809668
0.0558509
0.332023
0.918758
0.858011
0.287087
0.572559
0.276924
0.113169
0.210179
0.0455984
0.443583
0.263271
0.162911
0.307808
0.195038
0.303139
0.0780768
0.225879
0.628042
0.235109
0.741356
0.0967208
0.0920804
0.407548
0.0326947
0.10713
0.418204
0.0946482
0.465129
0.653878
0.268446
0.326152
0.755099
0.0605679
0.177008
0.661813
0.603357
0.659836
0.203432
0.598728
0.406143
0.290606
0.49817
0.115276
0.753051
0.483717
0.621978
0.149015
0.653432
0.697068
0.686383
0.517131
0.279801
0.670361
0.108446
0.152261
0.637164
0.556896
0.291162
0.286646
0.681791
0.114414
0.146778
0.558432
0.183664
0.393402
0.17513
0.322978
0.128476
0.039979
0.376528
0.685439
0.216609
0.144772
0.209954
0.544992
0.451761
0.682591
0.274044
0.566552
0.391257
0.454085
0.230072
0.480582
0.449885
0.47418
0.57669
0.175481
0.136079
0.22363
0.428345
0.769723
0.232574
0.820708
0.19167
0.53365
0.534027
0.726706
0.500658
0.440397
0.812506
0.119644
0.324093
0.50268
0.740721
0.0475063
0.58875
0.736358
0.466632
0.553152
0.307596
0.0494026
0.288406
0.427627
0.147698
0.192231
0.370543
0.201595
0.0926722
0.774028
0.555004
0.113524
0.184318
0.0684258
0.266024
0.44129
0.562267
0.218556
0.553423
0.608579
0.230979
0.332468
0.0324072
0.209894
0.846778
0.519399
0.0572441
0.145851
0.489982
0.313076
0.591955
0.0277064
0.594389
0.244359
0.265134
0.34546
0.327285
0.571994
0.16964
0.0339392
0.643963
0.222828
0.204023
0.289296
0.699515
0.163369
0.417652
0.311949
0.358367
0.272383
0.66638
0.48987
0.315021
0.810796
0.437991
0.0705399
0.204086
0.646435
0.310433
0.169367
0.66141
0.658213
0.347713
0.7438
0.551573
0.322589
0.735476
0.069872
0.700204
0.16098
0.279169
0.571862
0.312613
0.462117
0.533598
0.641247
0.495684
0.255478
0.0256729
0.729869
0.775945
0.137412
0.0176851
0.345592
0.192771
0.705524
0.471612
0.585861
0.563831
0.21182
0.578633
0.169703
0.78714
0.411444
0.520426
0.195208
0.142672
0.823064
0.845538
0.173166
0.0367413
0.940193
0.108387
0.776896
0.100296
0.315309
0.683879
0.0602316
0.367596
0.555848
0.457674
0.0861811
0.554978
0.514083
0.560026
0.165775
0.0463055
0.411476
0.267593
0.730227
0.414363
0.303558
0.468455
0.696266
0.48051
0.374217
0.539479
0.630177
0.365303
0.0668158
0.049793
0.758702
0.706393
0.438096
0.138197
0.0639031
0.606589
0.168921
0.49396
0.0865494
0.390678
0.580583
0.882008
0.0686885
0.541927
0.600443
0.605907
0.619515
0.801189
0.361878
0.637026
0.718861
0.101974
0.159045
0.1511
0.0503771
0.511094
0.386294
0.285644
0.348845
0.12448
0.360419
0.0706283
0.50998
0.222061
0.755519
0.618931
0.284943
0.419766
0.728288
0.389011
0.268245
0.125288
0.383013
0.0932883
0.715774
0.53636
0.302778
0.0709594
0.928839
0.500816
0.420718
0.675457
0.265697
0.211156
0.750903
0.105078
0.459956
0.0397889
0.061399
0.534908
0.182265
0.584668
0.453733
0.801082
0.340239
0.725907
0.612417
0.691143
0.771493
0.209377
0.269165
0.116075
0.177218
0.0377452
0.671416
0.262522
0.745844
0.23445
0.290166
0.394988
0.347758
0.252169
0.203812
0.151874
0.14811
0.3017
0.146094
0.585892
0.159477
0.313449
0.507746
0.132677
0.772892
0.30768
0.104397
0.456934
0.290333
0.786981
0.395856
0.151776
0.133986
0.0921325
0.0812665
0.370173
0.368027
0.512603
0.107778
0.276188
0.615426
0.43728
0.235079
0.245242
0.195306
0.339555
0.832586
0.203101
0.435733
0.408826
0.423581
0.629511
0.166222
0.70976
0.982748
0.15451
0.77306
0.508454
0.285704
0.427526
0.466887
0.821349
0.263797
0.168347
0.0640851
0.576326
0.657962
0.158579
0.572023
0.331533
0.481323
0.650027
0.337865
0.804603
0.327052
0.438663
0.766214
0.310686
0.427138
0.239045
0.587221
0.617305
0.317004
0.256173
0.129711
0.094703
0.699285
0.0812338
0.351592
0.11379
0.609515
0.0378666
0.0144911
0.552766
0.349995
0.773509
0.111581
0.363285
0.404759
0.209994
0.409862
0.511162
0.226321
0.508519
0.20594
0.111274
0.136455
0.28191
0.801202
0.782522
0.267676
0.154463
0.069928
0.101758
0.633328
0.556017
0.597174
0.453379
0.747397
0.298831
0.538582
0.640893
0.103815
0.121476
0.0379236
0.733821
0.651001
0.312579
0.379953
0.594771
0.202786
0.472921
0.155717
0.915575
0.0648855
0.398742
0.839287
0.109771
0.733896
0.638526
0.252971
0.0341538
0.210131
0.309907
0.513291
0.255375
0.343217
0.501151
0.209679
0.0350591
0.410472
0.152459
0.307564
0.182444
0.575249
0.710377
0.190849
0.038303
0.404053
0.100426
0.270844
0.132948
0.0266748
0.367545
0.0948502
0.683018
0.0581926
0.152808
0.21085
0.34993
0.765534
0.644849
0.738186
0.724962
0.353534
0.0770366
0.1948
0.419045
0.250269
0.226905
0.242534
0.580959
0.666267
0.218739
0.0622322
0.284199
0.844557
0.289369
0.29286
0.0519603
0.442585
0.658411
0.25988
0.178741
0.223191
0.36874
0.501191
0.343796
0.148616
0.414971
0.0262401
0.252061
0.0446674
0.564633
0.700146
0.190715
0.275631
0.314219
0.537426
0.168523
0.371655
0.247812
0.374984
0.25083
0.14146
0.773948
0.341989
0.762773
0.0681892
0.661951
0.551863
0.198659
0.305119
0.195084
0.401809
0.263548
0.0481029
0.541798
0.245502
0.371211
0.404828
0.188363
0.218586
0.151612
0.350999
0.246784
0.770214
0.633888
0.744892
0.212278
0.271686
0.156174
0.785744
0.640861
0.482821
0.391759
0.0468965
0.363025
0.390694
0.627567
0.754695
0.592313
0.101238
0.321308
0.130261
0.60441
0.471912
0.166206
0.32669
0.691607
0.516536
0.362042
0.358742
0.297654
0.245653
0.0501224
0.786813
0.459094
0.782195
0.317628
0.145087
0.360302
0.370536
0.16478
0.820692
0.53145
0.624472
0.0811184
0.504042
0.489714
0.0729865
0.522911
0.410154
0.331875
0.230624
0.524776
0.303839
0.33032
0.565205
0.289976
0.272547
0.26969
0.0715266
0.339376
0.242782
0.21878
0.779261
0.355482
0.159477
0.242627
0.899656
0.171437
0.444241
0.357813
0.116729
0.712372
0.238318
0.305787
0.167104
0.184213
0.81877
0.20026
0.362284
0.058877
0.277175
0.723563
0.191913
0.608579
0.448078
0.387397
0.416949
0.725173
0.274226
0.49971
0.589023
0.837945
0.758018
0.242107
0.849691
0.220962
0.769709
0.579039
0.436814
0.0582838
0.480256
0.865579
0.230113
0.117535
0.621791
0.358313
0.170596
0.858799
0.102276
0.24173
0.0311745
0.681883
0.606975
0.302585
0.237837
0.0754434
0.842603
0.252837
0.122609
0.723138
0.16843
0.111918
0.627635
0.26879
0.140129
0.20008
0.372669
0.476128
0.608402
0.196379
0.222329
0.704072
0.0880171
0.687827
0.343507
0.815492
0.381547
0.808296
0.394704
0.529287
0.0744316
0.570124
0.18052
0.29622
0.531059
0.450232
0.091931
0.328009
0.277927
0.362096
0.722428
0.850138
0.65734
0.738967
0.212963
0.267344
0.495979
0.446539
0.332928
0.0133295
0.497349
0.0764677
0.706828
0.052543
0.610331
0.115142
0.497768
0.496581
0.510152
0.535667
0.295771
0.236947
0.354257
0.428855
0.658511
0.588569
0.363088
0.846013
0.137323
0.630492
0.847899
0.188528
0.432905
0.257502
0.543134
0.41994
0.611864
0.805647
0.60761
0.588324
0.436969
0.417179
0.0638525
0.50504
0.239201
0.325513
0.676454
0.161193
0.471998
0.471868
0.180677
0.186904
0.198277
0.650924
0.367955
0.468292
0.279178
0.475265
0.777726
0.687055
0.283282
0.675788
0.62428
0.650947
0.490407
0.529473
0.701777
0.206943
0.10531
0.840556
0.616149
0.416384
0.328147
0.231232
0.43321
0.692612
0.754315
0.772962
0.637718
0.333203
0.542563
0.213003
0.768986
0.250694
0.238084
0.568414
0.762245
0.51615
0.373984
0.221049
0.354922
0.394896
0.75643
0.497066
0.13512
0.15943
0.295841
0.712207
0.38072
0.150937
0.0703415
0.45102
0.282826
0.649085
0.544595
0.456605
0.600043
0.37753
0.690493
0.240986
0.161955
0.850524
0.287247
0.160775
0.648977
0.590928
0.0384572
0.140165
0.320579
0.317171
0.705962
0.338647
0.260357
0.595105
0.704896
0.618733
0.340887
0.662766
0.592447
0.555961
0.246838
0.407637
0.232611
0.0773272
0.259248
0.663165
0.844539
0.147522
0.224294
0.373111
0.675036
0.729389
0.0457089
0.341427
0.806813
0.531126
0.788957
0.534917
0.0471053
0.424011
0.525563
0.217196
0.221345
0.168892
0.2168
0.456963
0.381467
0.454306
0.705876
0.24394
0.556201
0.487462
0.834441
0.208891
0.123006
0.132369
0.0878286
0.714652
0.515905
0.260529
0.373962
0.111472
0.392911
0.426627
0.39424
0.497159
0.479812
0.581338
0.643395
0.74968
0.568884
0.258121
0.0804416
0.572627
0.310095
0.294168
0.263258
0.324272
0.607442
0.624932
0.277481
0.313341
0.730849
0.293732
0.352374
0.549602
0.694114
0.185771
0.543923
0.537257
0.368327
0.746725
0.483357
0.687576
0.229734
0.0852967
0.0950118
0.841151
0.654082
0.199157
0.0369803
0.264234
0.0458306
0.63474
0.606966
0.539678
0.71382
0.476615
0.0850305
0.224673
0.793853
0.661753
0.300886
0.481365
0.118464
0.319444
0.656984
0.620758
0.548209
0.111308
0.27273
0.308682
0.688528
0.71192
0.827464
0.444493
0.20913
0.131315
0.0859729
0.25862
0.174147
0.592236
0.709794
0.181566
0.458234
0.0955045
0.267207
0.381748
0.357196
0.243207
0.564564
0.205009
0.457988
0.0416383
0.633128
0.437067
0.339558
0.0793609
0.48971
0.577672
0.711723
0.809378
0.535987
0.53035
0.101609
0.112533
0.0922457
0.291729
0.499519
0.162466
0.392313
0.643176
0.600951
0.441899
0.0060101
0.398359
0.308354
0.240336
0.8047
0.218372
0.0855349
0.0288892
0.804413
0.791041
0.0787106
0.123545
0.352945
0.760068
0.490489
0.248525
0.131881
0.737982
0.145929
0.71067
0.0540117
0.288614
0.807448
0.394493
0.267892
0.0149985
0.0811889
0.0994352
0.779206
0.187424
0.168065
0.0658427
0.792289
0.125975
0.118593
0.390065
0.74367
0.104043
0.168784
0.146183
0.0907268
0.211135
0.0124665
0.658924
0.417673
0.036019
0.100579
0.155823
0.594237
0.512471
0.404236
0.591501
0.170186
0.575448
0.36553
0.259683
0.364225
0.0391964
0.316632
0.0766324
0.629225
0.682577
0.627881
0.474314
0.879688
0.601725
0.555186
0.528582
0.338646
0.175028
0.583365
0.0195046
0.113663
0.915901
0.810211
0.371582
0.252403
0.715778
0.564538
0.0687435
0.839448
0.214465
0.335753
0.192552
0.210822
0.022458
0.462845
0.525584
0.729485
0.646243
0.0302599
0.0860281
0.671585
0.143375
0.845664
0.265917
0.75941
0.87583
0.0444126
0.0913326
0.572004
0.633256
0.309769
0.0619125
0.251633
0.0757009
0.244218
0.762821
0.731154
0.426249
0.149263
0.628071
0.277201
0.326929
0.384177
0.043942
0.0821166
0.287104
0.569948
0.181195
0.227396
0.120444
0.0940315
0.62811
0.603088
0.356957
0.211175
0.28361
0.158921
0.255815
0.31516
0.117313
0.525896
0.414213
0.757126
0.219209
0.141153
0.811108
0.364274
0.69146
0.337682
0.763163
0.168665
0.153012
0.198793
0.0856624
0.800283
0.0314549
0.0851898
0.28714
0.266765
0.31359
0.462717
0.295273
0.521941
0.620493
0.368306
0.487021
0.302611
0.0943697
0.832389
0.795397
0.482209
0.742976
0.72922
0.724985
0.0563997
0.675601
0.233905
0.487828
0.633241
0.66685
0.303951
0.844374
0.285287
0.218679
0.432085
0.814431
0.354519
0.58312
0.254479
0.47005
0.862896
0.482805
0.372771
0.592925
0.820944
0.562229
0.315802
0.0882018
0.614038
0.113566
0.575179
0.0546627
0.548007
0.256396
0.205165
0.375718
0.0173363
0.566007
0.351188
0.257511
0.54721
0.50444
0.329927
0.669465
0.313533
0.414245
0.539971
0.397746
0.345662
0.0570251
0.12746
0.208551
0.374976
0.0762147
0.679345
0.209893
0.709119
0.732594
0.136856
0.208462
0.696577
0.0730923
0.30617
0.309037
0.202482
0.200233
0.342215
0.123697
0.78474
0.391712
0.839781
0.713521
0.332451
0.454025
0.522899
0.15234
0.558128
0.37063
0.10647
0.737503
0.0550565
0.397998
0.562737
0.218607
0.403537
0.715726
0.787658
0.445666
0.052235
0.051388
0.746982
0.520047
0.47895
0.201606
0.188057
0.625375
0.276725
0.570282
0.494273
0.552698
0.864652
0.751548
0.200804
0.322626
0.280141
0.395291
0.538066
0.188802
0.232856
0.218356
0.696562
0.152334
0.670288
0.274939
0.609676
0.505459
0.465575
0.511729
0.624941
0.83988
0.275042
0.491614
0.214475
0.124746
0.414414
0.468774
0.238223
0.818117
0.442746
0.466278
0.285361
0.849436
0.776967
0.216377
0.164117
0.155782
0.787629
0.254203
0.599881
0.33595
0.610145
0.372883
0.661499
0.563977
0.368801
0.32093
0.707513
0.234379
0.0618036
0.152143
0.403452
0.76957
0.627974
0.517224
0.433035
0.554131
0.0299612
0.720058
0.82886
0.193349
0.0442937
0.845593
0.402498
0.310124
0.704313
0.265217
0.305055
0.690123
0.739154
0.390156
0.243222
0.833097
0.234871
0.635193
0.770639
0.7557
0.448021
0.0964635
0.349786
0.291739
0.479904
0.223856
0.18373
0.430849
0.214853
0.0811645
0.126028
0.617939
0.271923
0.663941
0.502048
0.239043
0.47696
0.584244
0.84049
0.394888
0.688347
0.411811
0.882013
0.387504
0.797516
0.816501
0.470135
0.637384
0.0974344
0.382093
0.114735
0.331548
0.546339
0.698334
0.247758
0.0728159
0.5135
0.106693
0.0875645
0.411158
0.51623
0.0858388
0.61222
0.507221
0.452075
0.466012
0.821553
0.465257
0.487322
0.0764703
0.460601
0.0741605
0.516283
0.333336
0.741797
0.363012
0.649513
0.14821
0.0524948
0.7663
0.0255426
0.0444118
0.265077
0.37621
0.0466443
0.221492
0.120444
0.258331
0.518579
0.204473
0.430385
0.343572
0.537831
0.176963
0.781172
0.388812
0.708991
0.115805
0.817715
0.0697026
0.07813
0.749559
0.657872
0.736572
0.396995
0.725267
0.394849
0.141271
0.6192
0.672257
0.352547
0.624242
0.298711
0.781191
0.385011
0.13136
0.849501
0.298909
0.0370195
0.64963
0.762091
0.0225724
0.606942
0.294225
0.0202316
0.194006
0.216684
0.0873765
0.439191
0.48248
0.361377
0.154352
0.110571
0.703844
0.117676
0.703114
0.249723
0.613675
0.373925
0.71333
0.486175
0.223973
0.102557
0.0366967
0.404266
0.622116
0.30167
0.787322
0.397548
0.216508
0.564994
0.776984
0.248719
0.544832
0.640015
0.387588
0.177978
0.896319
0.197394
0.562012
0.472931
0.703264
0.038119
0.107466
0.324122
0.317304
0.304465
0.241303
0.189031
0.470318
0.0392366
0.701335
0.345299
0.136164
0.221999
0.753248
0.568264
0.158388
0.700495
0.638418
0.421852
0.744011
0.0871806
0.492334
0.280051
0.485353
0.334399
0.61252
0.264915
0.268952
0.526532
0.516229
0.430317
0.313668
0.756943
0.0846695
0.303633
0.681675
0.400357
0.105349
0.0983888
0.238679
0.465868
0.169039
0.257665
0.36257
0.71831
0.138569
0.39672
0.188574
0.0959545
0.542532
0.0590293
0.115054
0.24548
0.766581
0.01903
0.613477
0.803123
0.806224
0.0908321
0.704072
0.418458
0.106967
0.848561
0.150394
0.425886
0.234945
0.0323993
0.528774
0.30489
0.408361
0.31913
0.737499
0.240817
0.502524
0.371299
0.425537
0.0286456
0.472933
0.463713
0.844871
0.402614
0.656009
0.164214
0.0536391
0.637595
0.687077
0.516968
0.103953
0.675947
0.249828
0.704217
0.305171
0.246352
0.272174
0.465744
0.207034
0.699292
0.815473
0.679922
0.304973
0.148937
0.401611
0.24619
0.0787929
0.408018
0.575265
0.604413
0.0942023
0.303131
0.0942701
0.359288
0.0975055
0.328538
0.558228
0.396374
0.174527
0.254889
0.856201
0.837615
0.0760928
0.0804121
0.869694
0.150178
0.169998
0.151539
0.736736
0.386588
0.31962
0.140598
0.541168
0.319185
0.16385
0.533078
0.730457
0.237589
0.181564
0.619042
0.297521
0.401676
0.663402
0.196018
0.139989
0.239493
0.719147
0.188642
0.444449
0.718957
0.725921
0.422333
0.768567
0.269685
0.591345
0.170648
0.201244
0.179206
0.439878
0.790437
0.220265
0.299726
0.0518873
0.292056
0.702034
0.127206
0.656715
0.877594
0.146628
0.754437
0.478119
0.437304
0.253667
0.470895
0.120064
0.629566
0.32167
0.353392
0.339604
0.0525645
0.559251
0.671424
0.026057
0.710681
0.533944
0.884353
0.1675
0.779544
0.318946
0.169072
0.178964
0.834744
0.344357
0.0527917
0.0322333
0.479539
0.103267
0.181726
0.813927
0.231318
0.177155
0.0957405
0.109143
0.358518
0.328881
0.523945
0.0120731
0.685366
0.251542
0.258122
0.712179
0.51318
0.556803
0.906556
0.203167
0.363072
0.089668
0.156381
0.311325
0.357492
0.0656981
0.14375
0.250993
0.0370701
0.318572
0.702082
0.281179
0.226387
0.233415
0.366058
0.607831
0.127052
0.448283
0.0899984
0.432816
0.347509
0.837313
0.418519
0.310002
0.174372
0.077765
0.0819912
0.279671
0.314323
0.259302
0.0457161
0.456045
0.532401
0.53153
0.872015
0.309409
0.325463
0.727369
0.855017
0.836426
0.156704
0.403521
0.262914
0.709602
0.763084
0.344435
0.481044
0.123836
0.259136
0.434198
0.33366
0.408101
0.475571
0.752004
0.517244
0.0782914
0.25037
0.65539
0.179971
0.115098
0.106864
0.320563
0.109434
0.818817
0.962102
0.712681
0.139365
0.411558
0.385635
0.514509
0.444125
0.320958
0.454797
0.223486
0.114779
0.276878
0.744256
0.135399
0.324506
0.128771
0.051696
0.158274
0.180023
0.429506
0.141017
0.140459
0.58755
0.47186
0.283489
0.246161
0.858177
0.717728
0.52024
0.229523
0.378142
0.475252
0.0894967
0.232885
0.377278
0.324345
0.891157
0.478015
0.281767
0.431219
0.897681
0.0603604
0.647311
0.418299
0.17539
0.234197
0.341405
0.209879
0.301569
0.746489
0.711637
0.398574
0.818539
0.882533
0.206375
0.149949
0.149923
0.763139
0.586967
0.204394
0.6346
0.0372095
0.453503
0.31614
0.471139
0.0592223
0.434319
0.723572
0.655494
0.611861
0.688307
0.352124
0.071115
0.204401
0.404402
0.323924
0.354268
0.419776
0.358077
0.65327
0.431753
0.0716753
0.667542
0.919565
0.613564
0.17987
0.142442
0.809671
0.446238
0.588247
0.4443
0.0516879
0.521933
0.447069
0.500883
0.878515
0.781783
0.576811
0.227319
0.622445
0.336825
0.63241
0.172788
0.736711
0.109065
0.185347
0.044333
0.639544
0.523145
0.615789
0.525494
0.623064
0.299425
0.755558
0.0515861
0.487948
0.453627
0.31825
0.363771
0.174564
0.125588
0.355093
0.253639
0.384971
0.506337
0.461756
0.130798
0.213004
0.290974
0.107853
0.326813
0.297028
0.106192
0.852266
0.346196
0.636184
0.450323
0.545004
0.227278
0.412306
0.259276
0.0868329
0.323992
0.763269
0.0474847
0.167647
0.615967
0.114793
0.482224
0.555186
0.333603
0.461728
0.0710316
0.400768
0.711329
0.485967
0.481761
0.266947
0.762504
0.09757
0.358537
0.273799
0.0887997
0.201709
0.606085
0.0858755
0.17699
0.658996
0.670707
0.397086
0.190504
0.133001
0.447244
0.291914
0.33604
0.397282
0.133257
0.426565
0.727038
0.286842
0.179759
0.441216
0.864392
0.301222
0.274119
0.0804589
0.161358
0.693117
0.272078
0.123196
0.52009
0.327924
0.187051
0.560241
0.153526
0.358275
0.863677
0.637512
0.103155
0.487522
0.653673
0.0150265
0.0965841
0.430791
0.394667
0.793009
0.256147
0.18723
0.110473
0.320013
0.148992
0.0608315
0.118845
0.704934
0.119507
0.285449
0.146879
0.446407
0.585552
0.240538
0.671883
0.385014
0.587354
0.239302
0.266202
0.175169
0.422781
0.535935
0.0964243
0.544418
0.129956
0.652614
0.525172
0.742794
0.225085
0.879911
0.479152
0.242895
0.0145135
0.343471
0.301564
0.0867789
0.425974
0.558092
0.18582
0.800195
0.451393
0.0894016
0.657632
0.417873
0.774287
0.366205
0.204257
0.0985352
0.386701
0.577397
0.760151
0.400542
0.136382
0.44618
0.220895
0.794552
0.405474
0.759796
0.0921074
0.181343
0.2684
0.108958
0.333954
0.249362
0.836161
0.312012
0.30632
0.21304
0.496039
0.61704
0.279819
0.234939
0.370273
0.690253
0.463343
0.312634
0.395436
0.406991
0.630054
0.39315
0.576412
0.237327
0.199057
0.444374
0.174643
0.066248
0.101864
0.359768
0.854313
0.382072
0.195153
0.523447
0.732521
0.460326
0.804621
0.179623
0.292526
0.270115
0.577931
0.170297
0.362226
0.117891
0.603517
0.82432
0.268786
0.753611
0.242848
0.23985
0.132202
0.0704983
0.599101
0.580248
0.281254
0.10172
0.406723
0.698867
0.318515
0.326279
0.398928
0.564445
0.356621
0.114446
0.398253
0.206189
0.337958
0.252251
0.166861
0.56375
0.566969
0.583751
0.652998
0.472697
0.289542
0.213138
0.359339
0.186386
0.166654
0.0234033
0.454125
0.512186
0.147897
0.161393
0.306747
0.103135
0.0110686
0.706486
0.194365
0.114253
0.61597
0.317642
0.278894
0.463338
0.101504
0.576577
0.23033
0.199749
0.139349
0.132398
0.887875
0.546586
0.108955
0.633244
0.261374
0.366482
0.517517
0.521861
0.763699
0.743029
0.297185
0.418089
0.560519
0.178179
0.461928
0.436536
0.266168
0.801368
0.191504
0.500762
0.472004
0.71529
0.50393
0.260914
0.340427
0.0961709
0.803133
0.216018
0.666612
0.661014
0.0837877
0.362115
0.289183
0.737965
0.357903
0.508819
0.095127
0.653762
0.0918397
0.50991
0.377687
0.764254
0.431697
0.0899757
0.528239
0.190508
0.865933
0.399211
0.824058
0.321089
0.682169
0.52354
0.603213
0.0334842
0.255766
0.128026
0.292114
0.564153
0.339291
0.393117
0.135681
0.666883
0.268024
0.705177
0.251489
0.492222
0.83203
0.286521
0.188786
0.478357
0.509295
0.430132
0.528454
0.240483
0.653276
0.0728075
0.36029
0.585159
0.433887
0.154206
0.718169
0.617431
0.137945
0.48395
0.192714
0.767285
0.710814
0.382569
0.0486687
0.264926
0.369661
0.418679
0.483298
0.0318359
0.691379
0.336496
0.759782
0.386568
0.422717
0.903223
0.488987
0.339383
0.57303
0.434817
0.469611
0.571051
0.269222
0.589118
0.552921
0.25535
0.10408
0.0408304
0.295327
0.647935
0.377007
0.236357
0.528315
0.461093
0.219394
0.346924
0.212343
0.0459779
0.0801847
0.246177
0.691576
0.545858
0.211453
0.529127
0.196383
0.0585012
0.326383
0.659575
0.288204
0.79177
0.0549085
0.388981
0.75431
0.190607
0.072866
0.122194
0.2764
0.38278
0.423579
0.160746
0.316752
0.0888218
0.876371
0.764196
0.156785
0.646532
0.231966
0.10264
0.474951
0.118768
0.377768
0.423841
0.321035
0.196288
0.263091
0.721424
0.173649
0.448052
0.680011
0.599757
0.728559
0.328431
0.116311
0.404307
0.371863
0.127946
0.206671
0.503693
0.740571
0.147263
0.721105
0.264755
0.745335
0.14879
0.344925
0.565093
0.54178
0.436992
0.741326
0.704108
0.302549
0.797093
0.172226
0.196961
0.257037
0.221815
0.0941583
0.521011
0.77299
0.100078
0.763894
0.751508
0.816511
0.143876
0.360079
0.57844
0.892639
0.289821
0.345459
0.493213
0.51549
0.762954
0.976534
0.353261
0.580505
0.280771
0.651457
0.291172
0.315576
0.044574
0.586944
0.514045
0.198831
0.616634
0.48673
0.416889
0.148926
0.266592
0.653926
0.430013
0.526519
0.818829
0.152464
0.204009
0.261318
0.395609
0.745932
0.089021
0.380404
0.225263
0.283941
0.0897299
0.05661
0.415814
0.0550675
0.186896
0.275505
0.220246
0.739089
0.0739398
0.308802
0.540445
0.529138
0.117217
0.491252
0.126039
0.80515
0.778852
0.106497
0.759437
0.217577
0.764287
0.555338
0.0755144
0.22174
0.601684
0.433033
0.297426
0.237255
0.341454
0.51918
0.552355
0.581511
0.140721
0.153485
0.313323
0.612353
0.836624
0.207319
0.185601
0.161793
0.464537
0.274883
0.138023
0.868734
0.174995
0.154615
0.228177
0.200551
0.11265
0.545438
0.389869
0.271128
0.336604
0.174855
0.294643
0.393757
0.844077
0.540487
0.35488
0.496573
0.143926
0.219681
0.100052
0.0909679
0.366216
0.661552
0.650008
0.735996
0.376494
0.384294
0.132281
0.095531
0.716797
0.536125
0.238075
0.369857
0.57011
0.875187
0.742865
0.627072
0.748517
0.610431
0.0755078
0.428006
0.460927
0.635294
0.217459
0.0859462
0.496309
0.33599
0.58781
0.519255
0.68871
0.251313
0.506242
0.838988
0.627992
0.164681
0.696642
0.397128
0.809353
0.868226
0.153609
0.145999
0.249009
0.391796
0.304193
0.133561
0.103934
0.333368
0.260675
0.500545
0.191912
0.623403
0.547423
0.0515697
0.387582
0.234585
0.44997
0.142883
0.312162
0.070203
0.585464
0.078134
0.718522
0.0404382
0.301934
0.675546
0.461738
0.344
0.44912
0.408379
0.513176
0.680484
0.0577708
0.0798924
0.70193
0.73113
0.462381
0.376181
0.689863
0.299156
0.825734
0.404752
0.497321
0.0335202
0.421317
0.757846
0.129677
0.345161
0.0798757
0.525779
0.169957
0.317305
0.430234
0.809692
0.459558
0.125746
0.567118
0.601915
0.449153
0.283294
0.476248
0.408307
0.0740185
0.831557
0.117628
0.318242
0.110039
0.134007
0.378425
0.339612
0.475649
0.626418
0.254928
0.547919
0.652467
0.636239
0.328036
0.81694
0.453749
0.857017
0.40067
0.200941
0.586653
0.246226
0.575118
0.302194
0.335908
0.415178
0.339811
0.199755
0.136945
0.687597
0.651461
0.274224
0.209823
0.306346
0.633233
0.798232
0.100829
0.336595
0.440667
0.571058
0.727186
0.133617
0.300843
0.679762
0.0779157
0.38839
0.616509
0.459622
0.607319
0.438871
0.475175
0.315004
0.795419
0.716465
0.427909
0.541348
0.161222
0.593232
0.201575
0.640396
0.833441
0.146645
0.469919
0.191833
0.330592
0.568083
0.13886
0.152686
0.753898
0.252229
0.797445
0.375088
0.572224
0.75482
0.772885
0.571111
0.55291
0.679533
0.54948
0.091071
0.560554
0.378403
0.848844
0.448402
0.524002
0.338136
0.580106
0.836603
0.70302
0.657673
0.79662
0.424029
0.549473
0.748284
0.100342
0.130624
0.414972
0.659399
0.241378
0.039528
0.195883
0.136986
0.444971
0.332872
0.585538
0.28206
0.866178
0.39858
0.467031
0.660713
0.300243
0.316402
0.0811464
0.498042
0.161837
0.370912
0.255342
0.0426525
0.227418
0.207916
0.825869
0.192894
0.709969
0.176194
0.576531
0.395806
0.537533
0.354016
0.318273
0.770248
0.136559
0.106839
0.468727
0.587729
0.355609
0.0724046
0.031929
0.589869
0.756708
0.425902
0.15463
0.375992
0.857746
0.146447
0.554418
0.323357
0.0178099
0.399663
0.850225
0.099858
0.254359
0.0841996
0.153377
0.627815
0.363977
0.0770136
0.726406
0.659637
0.199922
0.0648063
0.392668
0.243943
0.512738
0.26314
0.265044
0.100813
0.641559
0.66133
0.329616
0.146913
0.56382
0.434834
0.606007
0.241752
0.597331
0.746914
0.213003
0.327287
0.665188
0.724166
0.290682
0.569408
0.153447
0.804641
0.709026
0.81147
0.15037
0.337731
0.291388
0.0936524
0.248038
0.568885
0.897588
0.528665
0.330893
0.633737
0.669258
0.402169
0.495572
0.241941
0.205166
0.399903
0.383311
0.215573
0.118962
0.794326
0.445478
0.0702211
0.612371
0.177388
0.326592
0.248786
0.759455
0.451506
0.501142
0.645341
0.576451
0.527682
0.587676
0.655114
0.101256
0.445192
0.226338
0.440567
0.170863
0.669256
0.285196
0.592442
0.780411
0.0919525
0.432453
0.634188
0.167621
0.804015
0.0783079
0.812233
0.468806
0.360972
0.257638
0.812919
0.443495
0.233449
0.352107
0.435465
0.102
0.474039
0.583343
0.412235
0.259042
0.24127
0.867627
0.50728
0.629847
0.615464
0.443713
0.634597
0.768108
0.198275
0.813236
0.290214
0.150285
0.115029
0.746216
0.840897
0.346471
0.262176
0.172087
0.534919
0.128286
0.63622
0.355542
0.418169
0.470638
0.904251
0.624037
0.134759
0.149138
0.701071
0.546565
0.313785
0.630942
0.49331
0.548294
0.120918
0.469643
0.430556
0.186976
0.17178
0.476231
0.223118
0.306868
0.298886
0.489684
0.20411
0.411908
0.436343
0.0752119
0.142586
0.316016
0.347892
0.478775
0.314019
0.336537
0.0675582
0.364961
0.27117
0.913793
0.0650909
0.506391
0.165906
0.394118
0.867043
0.101193
0.574692
0.136058
0.125655
0.565366
0.475053
0.370468
0.778979
0.0219815
0.602617
0.11357
0.257427
0.90255
0.37249
0.155482
0.214129
0.157456
0.522031
0.219354
0.496995
0.0239878
0.509868
0.21696
0.238887
0.689924
0.347392
0.195311
0.232194
0.610349
0.160322
0.794885
0.242854
0.155999
0.394204
0.66101
0.288134
0.494481
0.668274
0.606922
0.381291
0.508333
0.467816
0.137885
0.175126
0.434147
0.293924
0.109797
0.597392
0.506787
0.480779
0.22251
0.34311
0.466079
0.0608135
0.144273
0.547401
0.866677
0.522575
0.51295
0.774176
0.714203
0.0976491
0.336084
0.323251
0.168231
0.447603
0.482421
0.775142
0.150219
0.027794
0.817537
0.476939
0.393407
0.480903
0.206509
0.815748
0.302248
0.676086
0.0509707
0.33246
0.0712664
0.6743
0.406774
0.641094
0.425214
0.271601
0.64309
0.251176
0.708233
0.232779
0.5537
0.105811
0.469968
0.260172
0.682069
0.210327
0.497715
0.198327
0.0571407
0.485811
0.320501
0.0403001
0.0852368
0.417692
0.458853
0.065894
0.380526
0.780459
0.28653
0.677994
0.487876
0.662717
0.0885878
0.360617
0.55488
0.594964
0.666282
0.598596
0.338334
0.455858
0.287974
0.792978
0.520691
0.352421
0.613318
0.434221
0.245243
0.187676
0.252199
0.423167
0.0598615
0.711445
0.618391
0.0801472
0.0393593
0.108378
0.21977
0.822314
0.347713
0.236317
0.437577
0.374709
0.822374
0.374516
0.0554629
0.348894
0.70395
0.576339
0.189548
0.0254212
0.272364
0.276994
0.776935
0.387336
0.375971
0.105056
0.161114
0.628428
0.204777
0.531152
0.341309
0.602945
0.750251
0.763035
0.668523
0.171034
0.659912
0.24251
0.282088
0.328529
0.29719
0.67159
0.741091
0.0330313
0.11804
0.687797
0.566773
0.224446
0.859464
0.314204
0.450789
0.15393
0.444625
0.250663
0.709923
0.283905
0.65449
0.219946
0.451501
0.0788927
0.0507959
0.238196
0.535283
0.429978
0.295331
0.0458695
0.488235
0.358005
0.413468
0.53878
0.41647
0.29466
0.347392
0.637492
0.331344
0.709036
0.2207
0.684991
0.227748
0.517463
0.275631
0.889233
0.0771857
0.211201
0.00507589
0.262895
0.393246
0.314929
0.363146
0.173837
0.134735
0.997225
0.470193
0.054877
0.792334
0.136111
0.455612
0.68412
0.348684
0.606651
0.421719
0.481939
0.734286
0.749713
0.718629
0.502465
0.594053
0.117848
0.100045
0.433238
0.211972
0.081228
0.154877
0.407829
0.522678
0.164907
0.180344
0.17885
0.38619
0.269863
0.695856
0.456055
0.726773
0.324672
0.491795
0.233586
0.389148
0.351204
0.351247
0.270536
0.780692
0.47488
0.0871548
0.399078
0.591037
0.369391
0.239808
0.541403
0.0781144
0.462584
0.272851
0.576159
0.747443
0.403031
0.0224513
0.0173812
0.674639
0.621568
0.678213
0.380188
0.795718
0.297741
0.219308
0.235673
0.463561
0.326597
0.85129
0.348803
0.333899
0.0948702
0.754153
0.26766
0.218804
0.228374
0.141448
0.196973
0.204877
0.525891
0.0525998
0.489148
0.0254284
0.423014
0.796566
0.100859
0.216687
0.501661
0.361729
0.130646
0.194893
0.174663
0.146558
0.128043
0.151049
0.420992
0.661257
0.386766
0.547195
0.525364
0.265136
0.071819
0.216572
0.301289
0.730627
0.532239
0.10927
0.162689
0.232605
0.843351
0.232979
0.370797
0.168365
0.409226
0.857483
0.263845
0.878228
0.479696
0.474363
0.062023
0.523674
0.672857
0.640269
0.266984
0.676077
0.23238
0.0136576
0.831459
0.303409
0.531757
0.687881
0.568391
0.747808
0.0488492
0.358375
0.676645
0.282556
0.612899
0.025532
0.637924
0.820051
0.35388
0.733691
0.0133932
0.585194
0.619958
0.275595
0.607583
0.197018
0.425973
0.397371
0.350624
0.190536
0.877528
0.410734
0.568901
0.148106
0.343527
0.567618
0.0442789
0.248405
0.190538
0.631373
0.6672
0.484903
0.074758
0.248186
0.325756
0.278939
0.630294
0.106363
0.074673
0.497259
0.469438
0.294173
0.297477
0.59581
0.488574
0.245491
0.130582
0.64307
0.280964
0.452614
0.724739
0.186397
0.420947
0.277855
0.372001
0.313779
0.635747
0.802646
0.721429
0.0767151
0.514342
0.282939
0.174893
0.34751
0.227375
0.44665
0.0961079
0.395508
0.443826
0.0156727
0.309812
0.793112
0.137224
0.497384
0.0745371
0.221836
0.454885
0.303232
0.772723
0.429899
0.563992
0.250143
0.455909
0.700302
0.49258
0.0899501
0.390893
0.454677
0.512087
0.743841
0.280614
0.222828
0.349329
0.250241
0.575825
0.667093
0.124661
0.054323
0.396601
0.639745
0.425815
0.054924
0.177301
0.24212
0.10773
0.328049
0.22096
0.503549
0.447749
0.448212
0.376019
0.43925
0.396936
0.0964642
0.513923
0.159096
0.36578
0.451617
0.0816978
0.287621
0.461632
0.107457
0.496683
0.160288
0.611482
0.80164
0.0514493
0.251464
0.481479
0.521455
0.509586
0.217727
0.224429
0.486399
0.558
0.70714
0.413924
0.526787
0.234105
0.533584
0.475633
0.77427
0.0211505
0.545223
0.364597
0.85291
0.130257
0.20549
0.469759
0.335061
0.514096
0.5758
0.0712366
0.527736
0.293964
0.118642
0.16634
0.175259
0.707539
0.167607
0.340292
0.587889
0.114617
0.730477
0.49239
0.401101
0.681937
0.115814
0.709204
0.331441
0.365265
0.049809
0.330607
0.665343
0.341368
0.212703
0.354598
0.411825
0.229464
0.355666
0.725133
0.299154
0.647436
0.252704
0.280276
0.228348
0.747585
0.622433
0.139804
0.0850678
0.278867
0.348004
0.736887
0.234387
0.143059
0.653513
0.298611
0.299908
0.277403
0.256604
0.704918
0.124854
0.782131
0.252499
0.316299
0.542607
0.864153
0.474772
0.326698
0.141535
0.209107
0.23742
0.243287
0.305767
0.325369
0.740975
0.28651
0.176601
0.596623
0.290244
0.314972
0.313915
0.238359
0.42632
0.343148
0.0358524
0.284737
0.386401
0.501197
0.553821
0.69063
0.584514
0.504257
0.204685
0.375634
0.395574
0.212541
0.775486
0.180137
0.686951
0.194672
0.26555
0.0917382
0.715695
0.292242
0.154985
0.667744
0.131976
0.491203
0.504437
0.833438
0.257281
0.0393655
0.520634
0.604485
0.119279
0.170294
0.678759
0.49738
0.138792
0.0516676
0.0577428
0.347774
0.540207
0.507043
0.310601
0.503368
0.184083
0.0556257
0.720018
0.110748
0.195314
0.534873
0.276438
0.0696827
0.332415
0.606681
0.169028
0.142609
0.591169
0.537774
0.822661
0.52589
0.0218444
0.0658021
0.483962
0.448476
0.255827
0.0384561
0.471405
0.344225
0.464044
0.358448
0.850099
0.254689
0.146101
0.227282
0.212315
0.519791
0.2705
0.609835
0.235822
0.111935
0.0200701
0.327087
0.559247
0.600889
0.572239
0.87635
0.414295
0.197306
0.794954
0.729029
0.295617
0.469077
0.36967
0.42047
0.0988966
