0.111522
0.539346
0.679634
0.743287
0.754132
0.0807179
0.779511
0.448449
0.389081
0.577686
0.336935
0.708908
0.631177
0.606973
0.502701
0.607342
0.822528
0.715333
0.698565
0.160941
0.109031
0.713551
0.112757
0.404113
0.647169
0.765954
0.696851
0.511696
0.0917555
0.37392
0.700061
0.444863
0.454919
0.52041
0.7205
0.227517
0.393083
0.822695
0.715904
0.704571
0.0698572
0.742332
0.146532
0.149919
0.561279
0.75684
0.208969
0.441205
0.64897
0.791522
0.512557
0.284004
0.613644
0.543777
0.359864
0.841351
0.906177
0.946171
0.767315
0.635813
0.158639
0.677152
0.172131
0.283761
0.773559
0.341652
0.902203
0.490373
0.764066
0.473716
0.594206
0.123386
0.514291
0.72411
0.0267241
0.67291
0.637751
0.331087
0.618913
0.859747
0.82816
0.724217
0.57412
0.366317
0.632315
0.645848
0.39879
0.777221
0.452449
0.203161
0.588249
0.834935
0.262923
0.639319
0.354413
0.571937
0.262015
0.0991122
0.394368
0.592718
0.448152
0.388354
0.350034
0.465367
0.621134
0.709256
0.558706
0.16222
0.717101
0.511574
0.445014
0.187835
0.506987
0.151282
0.366902
0.681884
0.248779
0.503212
0.604246
0.658663
0.705265
0.462425
0.652688
0.556665
0.359711
0.550755
0.530482
0.317769
0.197021
0.660881
0.869897
0.965237
0.414142
0.62774
0.723788
0.539876
0.386894
0.141296
0.227999
0.550478
0.563342
0.634337
0.14795
0.321296
0.109266
0.65749
0.776799
0.757713
0.36704
0.496753
0.448741
0.297143
0.649778
0.349587
0.790981
0.551669
0.562293
0.16082
0.48256
0.0713044
0.347165
0.693654
0.510634
0.634342
0.365049
0.366021
0.29661
0.481454
0.721988
0.82589
0.760421
0.77448
0.0464001
0.823531
0.653642
0.5254
0.368803
0.694415
0.397919
0.578434
0.478095
0.899939
0.662652
0.0747997
0.654124
0.555691
0.271509
0.754905
0.402946
0.618264
0.446444
0.852146
0.785766
0.559035
0.520457
0.365874
0.627509
0.684578
0.646408
0.473407
0.679005
0.40984
0.644446
0.753125
0.750371
0.401039
0.509303
0.731384
0.440825
0.456511
0.656803
0.404474
0.757985
0.874565
0.693176
0.375992
0.536073
0.48459
0.643448
0.359647
0.554513
0.390878
0.703076
0.553554
0.709448
0.765202
0.166597
0.575929
0.500404
0.497797
0.561917
0.769452
0.576798
0.770061
0.576324
0.0998314
0.699591
0.689959
0.70557
0.601132
0.59956
0.205313
0.232886
0.634243
0.509695
0.568652
0.610726
0.406596
0.436319
0.510393
0.0974736
0.799434
0.155511
0.15488
0.521185
0.565312
0.39786
0.42834
0.473041
0.375584
0.873034
0.483617
0.275669
0.20654
0.56549
0.582103
0.849399
0.702751
0.511687
0.837806
0.614107
0.834621
0.585567
0.587891
0.705264
0.520076
0.106696
0.775022
0.613388
0.713863
0.448774
0.346732
0.176854
0.707246
0.538029
0.504878
0.709302
0.0604502
0.838034
0.740178
0.266836
0.541651
0.1777
0.203616
0.592838
0.0824324
0.674314
0.58787
0.685104
0.421587
0.672438
0.755914
0.49561
0.0577854
0.261741
0.820218
0.748167
0.311129
0.170266
0.805011
0.763645
0.336352
0.729513
0.866774
0.604723
0.114829
0.676782
0.219894
0.546865
0.524535
0.563553
0.284835
0.780763
0.557913
0.894551
0.795043
0.84763
0.619858
0.871503
0.496469
0.357181
0.641745
0.715065
0.425489
0.849457
0.476286
0.282793
0.577978
0.0419845
0.436565
0.070297
0.524758
0.215055
0.482392
0.804166
0.513013
0.177255
0.834593
0.335512
0.491209
0.594566
0.141072
0.40297
0.371202
0.66781
0.370847
0.650179
0.329605
0.268569
0.595544
0.800122
0.582505
0.280446
0.441703
0.762056
0.599335
0.805178
0.872967
0.699647
0.488259
0.167609
0.799454
0.889445
0.622165
0.389673
0.582234
0.34905
0.564289
0.650999
0.150295
0.34407
0.672793
0.193908
0.600726
0.295559
0.713493
0.783186
0.565741
0.541796
0.69782
0.324217
0.607234
0.0620332
0.572306
0.404959
0.227298
0.364942
0.245817
0.524414
0.456312
0.365441
0.388901
0.58787
0.860435
0.558588
0.638322
0.650953
0.554852
0.627241
0.699238
0.55888
0.326695
0.49846
0.873022
0.926649
0.860893
0.473974
0.676374
0.620225
0.490958
0.435606
0.5975
0.3781
0.335213
0.366284
0.80063
0.871868
0.705494
0.358719
0.224027
0.950548
0.5065
0.808632
0.355891
0.70329
0.493481
0.502421
0.371342
0.545626
0.539482
0.657614
0.250289
0.682333
0.55806
0.123819
0.518317
0.472846
0.218208
0.0441768
0.34322
0.360834
0.569091
0.741113
0.360744
0.430193
0.0705898
0.288452
0.745436
0.58797
0.573083
0.809874
0.786524
0.430327
0.90919
0.41122
0.71849
0.381894
0.90179
0.505456
0.441357
0.307827
0.36488
0.223231
0.78699
0.721277
0.345278
0.124887
0.238477
0.224166
0.689483
0.345494
0.598117
0.607447
0.505598
0.778019
0.187009
0.308813
0.84475
0.312927
0.761112
0.152422
0.18505
0.633086
0.761334
0.683636
0.726481
0.549934
0.757291
0.801115
0.749366
0.690642
0.345352
0.30135
0.320818
0.647309
0.285763
0.771739
0.473261
0.259122
0.195412
0.853506
0.763989
0.845743
0.694149
0.79065
0.633624
0.295549
0.680826
0.825896
0.605527
0.372987
0.191161
0.739587
0.413188
0.0997347
0.673061
0.650675
0.409004
0.305315
0.251774
0.782829
0.68835
0.684304
0.254025
0.0912077
0.526673
0.242277
0.427932
0.699631
0.47008
0.689109
0.371756
0.623046
0.872633
0.488119
0.878932
0.741393
0.278708
0.277571
0.172915
0.0929654
0.487997
0.44967
0.337528
0.337685
0.432923
0.669277
0.189673
0.697894
0.379709
0.437932
0.666157
0.339601
0.445336
0.502251
0.692313
0.597719
0.600392
0.498853
0.544236
0.75362
0.455239
0.516595
0.228955
0.413129
0.4636
0.354485
0.960155
0.649047
0.393423
0.436991
0.149937
0.728954
0.668186
0.63274
0.664258
0.136333
0.812833
0.871524
0.114532
0.607478
0.739858
0.905129
0.758185
0.167152
0.207755
0.412276
0.985004
0.555122
0.701817
0.162648
0.25497
0.518388
0.649058
0.196959
0.732725
0.426202
0.604525
0.54669
0.48593
0.65007
0.25558
0.351983
0.690648
0.0760545
0.750931
0.724821
0.612247
0.685862
0.578153
0.742341
0.413572
0.589993
0.480256
0.633032
0.344166
0.739501
0.438482
0.809137
0.302508
0.528215
0.632895
0.137619
0.417883
0.285306
0.487818
0.386765
0.450299
0.383623
0.635466
0.555871
0.445775
0.595842
0.557573
0.259463
0.645025
0.381064
0.882016
0.205461
0.394374
0.332088
0.305974
0.781891
0.289139
0.244763
0.343648
0.6411
0.343484
0.367042
0.678228
0.824203
0.520946
0.601342
0.441809
0.617776
0.406885
0.483871
0.771943
0.422299
0.390648
0.8737
0.84734
0.610562
0.326909
0.790028
0.624293
0.322933
0.664682
0.570082
0.696623
0.688245
0.513848
0.652518
0.410768
0.637482
0.348121
0.112043
0.44653
0.187835
0.664248
0.725399
0.723643
0.537004
0.640188
0.16354
0.363113
0.826234
0.453638
0.311443
0.731871
0.264263
0.741974
0.768995
0.409137
0.774185
0.379468
0.526174
0.643012
0.124453
0.430203
0.250514
0.44153
0.148927
0.495916
0.648947
0.613278
0.334201
0.396343
0.301568
0.397758
0.679446
0.582691
0.594684
0.661418
0.483132
0.501963
0.279592
0.686629
0.601405
0.496305
0.101587
0.832628
0.514206
0.245436
0.384617
0.729763
0.70788
0.0778814
0.716513
0.0341341
0.694473
0.70138
0.404669
0.491413
0.617818
0.760053
0.507047
0.883755
0.698081
0.0695863
0.214054
0.257615
0.382699
0.838846
0.573939
0.784054
0.400759
0.715192
0.543342
0.547034
0.823546
0.33853
0.759709
0.568318
0.549215
0.468282
0.151823
0.73505
0.240547
0.836953
0.347305
0.536697
0.233829
0.745313
0.608716
0.324949
0.331397
0.302666
0.226019
0.278559
0.169231
0.766443
0.685749
0.664288
0.145542
0.893521
0.328824
0.646067
0.875123
0.660336
0.522967
0.529885
0.616281
0.524546
0.697511
0.557863
0.657587
0.394137
0.802097
0.485327
0.247438
0.366389
0.477559
0.967476
0.685496
0.0756653
0.502268
0.163018
0.801897
0.481949
0.782399
0.378466
0.56117
0.133811
0.67495
0.426059
0.869334
0.863931
0.425626
0.840469
0.296648
0.29224
0.776383
0.532817
0.513599
0.281338
0.537393
0.652023
0.223192
0.488697
0.560681
0.324862
0.108098
0.281733
0.730806
0.329089
0.690611
0.556291
0.097876
0.835713
0.433291
0.0868616
0.827144
0.518561
0.454097
0.397039
0.829167
0.474455
0.519586
0.646128
0.718698
0.481017
0.621102
0.350996
0.194036
0.175003
0.34548
0.779419
0.291968
0.711982
0.450197
0.729983
0.130118
0.350201
0.545562
0.534895
0.825992
0.313223
0.408271
0.0227532
0.323957
0.458182
0.64574
0.123232
0.53798
0.567676
0.244145
0.358263
0.582837
0.0533026
0.839181
0.581203
0.44605
0.466571
0.16197
0.128665
0.37415
0.650563
0.755199
0.0360115
0.462999
0.480733
0.881192
0.590913
0.461028
0.412836
0.396399
0.671299
0.726641
0.57317
0.35071
0.482527
0.645695
0.631456
0.579193
0.507047
0.818367
0.243783
0.328733
0.418254
0.737922
0.416065
0.922825
0.517805
0.762385
0.819146
0.663616
0.839306
0.588337
0.584607
0.18491
0.884321
0.53048
0.825743
0.820183
0.668169
0.10429
0.876921
0.166935
0.326256
0.783374
0.792162
0.239167
0.426339
0.564771
0.752535
0.213858
0.888789
0.351888
0.442039
0.310715
0.707343
0.121802
0.273008
0.652388
0.0425635
0.238208
0.824597
0.676609
0.580744
0.438686
0.372376
0.682966
0.0252066
0.552808
0.723693
0.545683
0.762812
0.163276
0.537721
0.873826
0.342204
0.207881
0.188972
0.411091
0.408302
0.471644
0.671125
0.551805
0.213575
0.742301
0.290602
0.543769
0.512789
0.511675
0.597545
0.102503
0.801933
0.68359
0.738947
0.185878
0.316183
0.124135
0.0797629
0.460889
0.60833
0.366564
0.330995
0.171392
0.274264
0.305916
0.791096
0.2514
0.677505
0.448965
0.269189
0.66986
0.737553
0.302232
0.363491
0.51575
0.834396
0.166555
0.240742
0.0401469
0.498566
0.665525
0.773204
0.517808
0.595754
0.769184
0.319669
0.633067
0.875342
0.484375
0.64431
0.272614
0.805676
0.320928
0.74508
0.722081
0.382908
0.0597383
0.37183
0.66791
0.625722
0.676241
0.175174
0.792126
0.696571
0.256226
0.655117
0.6539
0.307428
0.780796
0.577647
0.782323
0.143868
0.65532
0.368768
0.968304
0.762465
0.599381
0.679894
0.356265
0.802974
0.759309
0.803123
0.457076
0.497571
0.126506
0.414551
0.146303
0.572255
0.529287
0.780976
0.37321
0.383872
0.596113
0.0444074
0.536412
0.591645
0.552255
0.571561
0.492308
0.313937
0.807277
0.221123
0.593821
0.55962
0.243491
0.434099
0.547101
0.559226
0.283647
0.518641
0.68059
0.0865278
0.624204
0.582933
0.471539
0.463631
0.691746
0.281668
0.399545
0.694301
0.761363
0.678289
0.71079
0.592766
0.0940095
0.110896
0.699005
0.505643
0.252056
0.45832
0.489233
0.745182
0.607828
0.353374
0.510989
0.740818
0.396267
0.514005
0.813016
0.50567
0.808211
0.763528
0.517096
0.57822
0.366643
0.601004
0.690916
0.374213
0.773521
0.248174
0.551403
0.392946
0.616535
0.275254
0.493294
0.19585
0.457741
0.379099
0.694839
0.683072
0.405095
0.656424
0.790825
0.779086
0.220327
0.757751
0.711763
0.280918
0.587537
0.75274
0.598831
0.767894
0.942945
0.715925
0.608719
0.594771
0.788998
0.398864
0.358298
0.498552
0.175686
0.653001
0.905539
0.286139
0.341247
0.118675
0.342381
0.379391
0.728203
0.616436
0.276522
0.281471
0.0256879
0.496775
0.490815
0.844347
0.181269
0.584725
0.796147
0.663239
0.534783
0.579316
0.561631
0.801534
0.256795
0.890341
0.613851
0.596291
0.672391
0.49178
0.618092
0.125757
0.611642
0.314051
0.312218
0.653171
0.0635069
0.534935
0.573895
0.943651
0.585378
0.477107
0.178668
0.661639
0.286109
0.459347
0.263377
0.623361
0.707967
0.547346
0.297069
0.752798
0.357854
0.49448
0.639175
0.638778
0.491192
0.49759
0.923807
0.52809
0.289299
0.564755
0.31787
0.291877
0.46726
0.432194
0.66011
0.905584
0.199355
0.616561
0.17983
0.391819
0.390796
0.596107
0.0448514
0.590284
0.551132
0.835548
0.314515
0.455643
0.520851
0.369101
0.387786
0.658175
0.623988
0.871783
0.507648
0.653161
0.714338
0.426206
0.381124
0.532705
0.317486
0.257508
0.141294
0.534759
0.250018
0.419947
0.448583
0.803542
0.548216
0.758594
0.303183
0.679716
0.741785
0.140551
0.518965
0.163378
0.334691
0.525459
0.644137
0.840432
0.627323
0.363509
0.54969
0.716981
0.767537
0.610857
0.512817
0.629733
0.694754
0.407478
0.304729
0.538868
0.474223
0.702787
0.638093
0.832429
0.736324
0.481187
0.455866
0.546246
0.247087
0.576773
0.362264
0.82392
0.66016
0.543493
0.9077
0.666345
0.362557
0.451585
0.500454
0.85903
0.788645
0.332345
0.573262
0.0433525
0.524905
0.681212
0.314118
0.648183
0.833533
0.459529
0.353582
0.735331
0.771833
0.582918
0.526923
0.549495
0.813168
0.583615
0.779701
0.378252
0.246328
0.729892
0.611598
0.535933
0.50828
0.590584
0.156011
0.634013
0.260052
0.200965
0.606333
0.660709
0.38221
0.717438
0.282009
0.513896
0.384641
0.129361
0.272213
0.878659
0.262841
0.685261
0.155958
0.723819
0.683163
0.594544
0.700439
0.438802
0.46075
0.945241
0.23265
0.176037
0.687548
0.711056
0.761734
0.561942
0.87294
0.286067
0.51916
0.258578
0.537673
0.5339
0.200823
0.124217
0.743597
0.612092
0.849176
0.41765
0.631761
0.387189
0.755827
0.44801
0.58318
0.814851
0.662496
0.562222
0.469752
0.790432
0.108892
0.868923
0.602518
0.359082
0.582826
0.448043
0.415074
0.612319
0.15675
0.44398
0.797319
0.348361
0.460452
0.318087
0.756034
0.261889
0.698576
0.806487
0.747936
0.456119
0.614994
0.694285
0.638416
0.586216
0.499605
0.786236
0.385151
0.378189
0.180315
0.561311
0.486129
0.156814
0.420483
0.681426
0.722146
0.737077
0.825909
0.518738
0.734254
0.597666
0.644162
0.570728
0.722114
0.353016
0.536512
0.579317
0.71505
0.110348
0.45469
0.901146
0.427992
0.123442
0.798914
0.0448736
0.416265
0.217625
0.206305
0.64752
0.228548
0.41595
0.402481
0.798155
0.330745
0.568761
0.321084
0.676785
0.392275
0.670834
0.458704
0.498731
0.806506
0.59616
0.233573
0.52425
0.55319
0.692337
0.377826
0.815393
0.217059
0.514921
0.337449
0.548021
0.180734
0.0275549
0.348959
0.451518
0.219714
0.193535
0.731244
0.505164
0.711213
0.708666
0.491989
0.139895
0.476342
0.518391
0.106071
0.53979
0.0449902
0.652133
0.696973
0.596816
0.835191
0.515756
0.478017
0.677381
0.109034
0.249889
0.409845
0.18597
0.124327
0.795737
0.418445
0.707429
0.668636
0.69006
0.606676
0.61886
0.531346
0.488278
0.371202
0.662361
0.458158
0.716202
0.736465
0.804323
0.510797
0.611544
0.109806
0.292546
0.39452
0.645261
0.465144
0.334029
0.708291
0.802868
0.0649569
0.344017
0.343946
0.736647
0.653816
0.516447
0.408827
0.499444
0.195255
0.38282
0.770988
0.603085
0.349556
0.778944
0.36018
0.524786
0.285043
0.399215
0.638526
0.60581
0.247665
0.674525
0.493869
0.729092
0.886631
0.632632
0.235619
0.34422
0.582041
0.48799
0.499558
0.244607
0.598453
0.736826
0.819969
0.60658
0.745009
0.432425
0.433504
0.31546
0.131254
0.0903396
0.541257
0.865257
0.296398
0.760985
0.856576
0.58443
0.533865
0.586798
0.818268
0.735003
0.318697
0.532096
0.946889
0.536722
0.549545
0.502786
0.621869
0.708685
0.829486
0.379428
0.512719
0.707103
0.875288
0.660643
0.721651
0.457895
0.217093
0.526521
0.416478
0.629648
0.759399
0.632803
0.692266
0.300056
0.425841
0.474194
0.802976
0.41908
0.569068
0.553129
0.823465
0.65981
0.23113
0.783457
0.311403
0.0653281
0.656386
0.670722
0.56927
0.762081
0.807287
0.658462
0.653652
0.55166
0.899387
0.694694
0.421131
0.719884
0.763479
0.611385
0.668538
0.710283
0.397318
0.284505
0.480321
0.472361
0.903584
0.223075
0.372418
0.572277
0.542454
0.691635
0.520706
0.221605
0.27711
0.112963
0.910828
0.277527
0.806764
0.402546
0.820654
0.587924
0.522414
0.81059
0.54633
0.42959
0.085987
0.318001
0.710884
0.516883
0.457712
0.403063
0.898278
0.653413
0.620757
0.542748
0.35573
0.477795
0.0509302
0.624561
0.161369
0.0898752
0.629467
0.313574
0.190857
0.917642
0.661484
0.561034
0.513882
0.430164
0.269698
0.392078
0.823807
0.355453
0.428699
0.414146
0.167501
0.190848
0.766985
0.551305
0.290841
0.204148
0.623802
0.0545939
0.743481
0.380969
0.396774
0.409039
0.471089
0.418476
0.574192
0.592592
0.287349
0.367065
0.566531
0.590135
0.48089
0.209375
0.68341
0.746903
0.273
0.115956
0.607997
0.760703
0.299539
0.671361
0.378561
0.676392
0.585829
0.351595
0.254469
0.367726
0.499267
0.17098
0.144638
0.364732
0.388429
0.539603
0.562109
0.425567
0.806404
0.618165
0.341666
0.329536
0.387245
0.346785
0.517775
0.620919
0.381222
0.258862
0.755085
0.437331
0.355846
0.683942
0.62091
0.629803
0.63475
0.596441
0.581784
0.592392
0.527313
0.65813
0.793295
0.264114
0.580033
0.472522
0.577371
0.470959
0.600805
0.537211
0.586518
0.480029
0.66413
0.56914
0.55812
0.643231
0.531748
0.747245
0.415703
0.747489
0.761529
0.678991
0.564533
0.806819
0.67367
0.889947
0.69705
0.0882702
0.247128
0.873278
0.187409
0.303439
0.56966
0.50423
0.414545
0.672669
0.0646681
0.744384
0.550111
0.479502
0.613539
0.492185
0.646249
0.786156
0.877315
0.615354
0.192433
0.438534
0.582573
0.627876
0.682053
0.160391
0.759319
0.567228
0.341584
0.0981503
0.0932069
0.692843
0.741639
0.375205
0.630181
0.52535
0.213361
0.19941
0.730258
0.597387
0.683662
0.359862
0.613318
0.658063
0.319148
0.596739
0.703072
0.659995
0.501039
0.45063
0.291251
0.533597
0.781703
0.731849
0.787154
0.526888
0.633151
0.586349
0.519912
0.439401
0.718752
0.315099
0.326008
0.380941
0.717207
0.700306
0.536257
0.467006
0.120372
0.832618
0.745444
0.803166
0.431489
0.297864
0.61533
0.264634
0.552971
0.709446
0.915238
0.66953
0.383819
0.399695
0.66123
0.440539
0.70463
0.25118
0.261803
0.795606
0.924021
0.657499
0.59211
0.59617
0.488655
0.499965
0.404588
0.40343
0.375876
0.565646
0.79511
0.693785
0.841646
0.476253
0.164341
0.38664
0.496487
0.699095
0.466048
0.178858
0.338977
0.0812339
0.16325
0.296967
0.173721
0.258594
0.597286
0.464048
0.619483
0.463379
0.735151
0.398547
0.792315
0.865503
0.679118
0.683351
0.27433
0.11807
0.49189
0.830181
0.406881
0.292186
0.725232
0.877712
0.137084
0.0733289
0.284764
0.774574
0.337421
0.405719
0.527434
0.523064
0.557237
0.567513
0.0942033
0.477065
0.718322
0.758088
0.342146
0.491497
0.203092
0.170145
0.713065
0.618508
0.376956
0.543433
0.345075
0.548802
0.698466
0.391646
0.635987
0.19583
0.479642
0.572747
0.396396
0.265472
0.343361
0.397822
0.721884
0.311063
0.137114
0.198344
0.863529
0.582645
0.777193
0.228925
0.628918
0.532449
0.433556
0.482468
0.552065
0.813111
0.743163
0.50853
0.383501
0.566488
0.396642
0.759694
0.576492
0.657449
0.502265
0.389476
0.5025
0.661079
0.498878
0.585388
0.393783
0.261937
0.437934
0.394404
0.414953
0.652786
0.3965
0.753371
0.125527
0.243605
0.653114
0.411422
0.711171
0.821696
0.21604
0.709078
0.362105
0.0946999
0.241291
0.267011
0.307646
0.439251
0.398743
0.353703
0.670391
0.575935
0.374493
0.178492
0.478913
0.66391
0.579622
0.793145
0.60494
0.547505
0.391741
0.687859
0.429567
0.65137
0.658094
0.656942
0.815736
0.364055
0.545559
0.40789
0.336369
0.844731
0.622504
0.621731
0.195659
0.883997
0.334053
0.69442
0.460829
0.806341
0.277327
0.464557
0.793599
0.826597
0.358893
0.122374
0.688337
0.910774
0.914573
0.624191
0.092934
0.727221
0.698165
0.238035
0.501307
0.266272
0.682631
0.40356
0.712651
0.27515
0.726132
0.626638
0.701022
0.558191
0.787634
0.747704
0.0909317
0.884664
0.261944
0.628682
0.418624
0.864519
0.528382
0.505873
0.17439
0.759534
0.477239
0.484619
0.68672
0.710633
0.76735
0.273257
0.402066
0.655304
0.513963
0.857479
0.500107
0.498071
0.282487
0.895157
0.410835
0.783066
0.618932
0.583407
0.342005
0.497752
0.600173
0.486001
0.284501
0.49767
0.18884
0.228223
0.572821
0.630711
0.150192
0.809016
0.328527
0.649069
0.402092
0.480622
0.077388
0.564931
0.393128
0.405903
0.566476
0.56465
0.645239
0.838387
0.282629
0.659629
0.835261
0.469016
0.285332
0.162501
0.640001
0.534704
0.467059
0.600512
0.332729
0.620909
0.350653
0.616342
0.361137
0.642938
0.381701
0.785518
0.623305
0.261454
0.708439
0.204826
0.785936
0.483194
0.580808
0.611639
0.323542
0.322352
0.38219
0.747299
0.376071
0.700548
0.769714
0.552727
0.745204
0.644909
0.310564
0.471548
0.445404
0.220234
0.577794
0.142278
0.195078
0.349512
0.705507
0.861839
0.80984
0.127195
0.504181
0.814669
0.805545
0.724459
0.564107
0.67028
0.674131
0.0167466
0.216291
0.711523
0.527415
0.109165
0.297196
0.734065
0.136679
0.75551
0.356756
0.694615
0.62649
0.32362
0.368173
0.824437
0.686241
0.398774
0.821507
0.849838
0.423267
0.4349
0.243824
0.821168
0.380029
0.383232
0.482173
0.801344
0.217306
0.506241
0.462487
0.465922
0.341936
0.475542
0.525034
0.485108
0.301363
0.757702
0.461256
0.416753
0.0709508
0.609305
0.249498
0.717485
0.225354
0.427055
0.42955
0.8154
0.470768
0.651803
0.73075
0.560741
0.464357
0.507188
0.52687
0.112006
0.0659137
0.188905
0.781281
0.805834
0.663997
0.209853
0.0764622
0.832366
0.670787
0.340214
0.606831
0.261682
0.806703
0.817947
0.138092
0.277808
0.196455
0.47183
0.324238
0.651904
0.5618
0.857336
0.381378
0.779087
0.375175
0.0384866
0.422774
0.637766
0.29077
0.246272
0.616717
0.706089
0.644186
0.152621
0.747456
0.865605
0.598346
0.611123
0.656321
0.301286
0.340166
0.439188
0.825797
0.793213
0.146358
0.0619159
0.703303
0.473914
0.742383
0.521044
0.746374
0.478511
0.388651
0.352527
0.503057
0.825334
0.418874
0.708574
0.928306
0.434443
0.105378
0.753221
0.503177
0.295636
0.831547
0.536977
0.388353
0.701155
0.738536
0.69186
0.648777
0.306767
0.563141
0.624003
0.413308
0.773093
0.719476
0.5105
0.682882
0.802177
0.681237
0.207335
0.601175
0.498275
0.344691
0.345254
0.128669
0.581716
0.857372
0.696235
0.631358
0.426922
0.575814
0.385075
0.717869
0.383703
0.320176
0.396186
0.625442
0.62499
0.657424
0.887822
0.292757
0.516748
0.566809
0.779964
0.153286
0.662483
0.718584
0.369672
0.741846
0.558036
0.212657
0.330558
0.528266
0.598228
0.754521
0.741265
0.661054
0.282128
0.744673
0.740033
0.680479
0.802981
0.691626
0.470916
0.437748
0.459614
0.248921
0.501786
0.665925
0.518084
0.568024
0.56737
0.466144
0.421843
0.588073
0.3466
0.412999
0.51754
0.101652
0.831032
0.525642
0.439651
0.24168
0.665089
0.729193
0.730064
0.814701
0.426496
0.753092
0.527251
0.276921
0.62256
0.724845
0.752487
0.247027
0.683172
0.427814
0.650068
0.260848
0.219396
0.446742
0.602864
0.392426
0.696308
0.220483
0.367746
0.7016
0.813036
0.210239
0.508082
0.50343
0.55752
0.116217
0.903345
0.682312
0.307321
0.276607
0.477054
0.408094
0.669045
0.507309
0.394491
0.489381
0.673074
0.683058
0.468529
0.298095
0.336463
0.0681401
0.431955
0.623471
0.517251
0.724366
0.586432
0.633719
0.524026
0.578045
0.458583
0.811714
0.494809
0.244077
0.294154
0.416409
0.614563
0.555544
0.415801
0.756864
0.346269
0.408509
0.555092
0.797439
0.566728
0.483143
0.516398
0.934292
0.39754
0.457537
0.846743
0.265356
0.62395
0.567387
0.143633
0.949991
0.556602
0.568227
0.612112
0.754271
0.32923
0.183026
0.583013
0.295948
0.772536
0.324612
0.881978
0.758626
0.139527
0.466181
0.329661
0.109953
0.507809
0.112598
0.335029
0.457853
0.19322
0.653363
0.916692
0.291852
0.26312
0.1186
0.442076
0.696218
0.0398418
0.805445
0.414869
0.520939
0.752268
0.764672
0.631392
0.524573
0.687439
0.336545
0.307443
0.68003
0.550105
0.0852773
0.338285
0.517605
0.327519
0.413799
0.577618
0.807547
0.234905
0.336847
0.436061
0.725611
0.545694
0.0939414
0.415485
0.877509
0.617206
0.790351
0.833875
0.664987
0.189481
0.605033
0.326558
0.381033
0.682343
0.290098
0.452549
0.6104
0.610597
0.408127
0.521344
0.454638
0.838388
0.796191
0.37118
0.421845
0.920634
0.58643
0.447746
0.597889
0.444766
0.612391
0.19641
0.83685
0.388761
0.471528
0.514988
0.771948
0.672682
0.554786
0.369073
0.292936
0.577901
0.713896
0.661012
0.592897
0.599474
0.599995
0.864788
0.483884
0.712238
0.76842
0.428992
0.110621
0.557398
0.276381
0.869757
0.700611
0.711724
0.175614
0.261276
0.517466
0.563297
0.662436
0.584959
0.557119
0.524581
0.125504
0.676957
0.220264
0.716583
0.587592
0.795497
0.454492
0.530866
0.51203
0.485814
0.474163
0.625595
0.842436
0.652209
0.258898
0.800381
0.535157
0.463363
0.465267
0.543964
0.520135
0.338929
0.90934
0.257853
0.146777
0.0278581
0.471802
0.689435
0.580338
0.772287
0.723248
0.418848
0.389552
0.598098
0.554739
0.323229
0.439958
0.431666
0.680564
0.980146
0.693464
0.537684
0.428668
0.100087
0.539596
0.74396
0.539684
0.122076
0.500773
0.397814
0.826443
0.669198
0.248535
0.671286
0.576413
0.673455
0.539109
0.304503
0.576403
0.289549
0.750589
0.58922
0.511962
0.487495
0.544748
0.661903
0.623785
0.212925
0.0891569
0.0338384
0.659659
0.577639
0.147315
0.49827
0.655616
0.8212
0.705774
0.696341
0.738744
0.779548
0.746728
0.787105
0.208338
0.0401624
0.680333
0.215323
0.332844
0.176022
0.668973
0.866459
0.160567
0.599412
0.493186
0.0398209
0.388012
0.763459
0.375276
0.629843
0.124542
0.326417
0.790638
0.764688
0.794863
0.759745
0.420208
0.716597
0.701561
0.625689
0.600028
0.53445
0.6295
0.801871
0.549235
0.762315
0.606481
0.934877
0.434991
0.750726
0.523799
0.170703
0.198888
0.589237
0.316243
0.895701
0.353175
0.41541
0.777571
0.740439
0.585499
0.31202
0.369358
0.33219
0.173759
0.355729
0.144669
0.468644
0.695751
0.599578
0.19696
0.312279
0.53617
0.789229
0.735074
0.684247
0.632552
0.648557
0.399178
0.619726
0.561124
0.434129
0.461918
0.200704
0.576494
0.209214
0.130909
0.938375
0.483981
0.75688
0.643792
0.385403
0.422348
0.689345
0.673048
0.733889
0.264507
0.46246
0.689028
0.21653
0.766573
0.669444
0.288923
0.718783
0.0646847
0.535698
0.0864929
0.562665
0.456115
0.426779
0.424277
0.256934
0.574277
0.26277
0.449495
0.143376
0.572471
0.0814317
0.0666531
0.708031
0.76527
0.592257
0.0529286
0.742246
0.562754
0.90291
0.365554
0.807166
0.549511
0.550428
0.761581
0.567466
0.189
0.636325
0.859094
0.483858
0.295264
0.691793
0.608877
0.573091
0.107093
0.712843
0.127525
0.0794759
0.851231
0.717528
0.635787
0.238792
0.567262
0.211503
0.892516
0.603727
0.537887
0.716736
0.831064
0.744678
0.790728
0.612304
0.388204
0.767476
0.478307
0.314494
0.413182
0.166071
0.446361
0.485955
0.65951
0.599879
0.711023
0.559925
0.399966
0.146821
0.523455
0.831573
0.680352
0.694066
0.505526
0.720407
0.632204
0.086057
0.54354
0.558968
0.334786
0.616515
0.270142
0.2185
0.448325
0.34908
0.450248
0.454995
0.631391
0.830073
0.365299
0.231074
0.581355
0.402085
0.790006
0.272276
0.759772
0.539511
0.715008
0.720145
0.768971
0.814974
0.634721
0.599076
0.252611
0.312256
0.271592
0.657951
0.509332
0.420253
0.462593
0.7526
0.541782
0.660543
0.451912
0.620582
0.758353
0.668
0.891095
0.281831
0.673526
0.212843
0.776294
0.361785
0.705707
0.26437
0.107631
0.535943
0.66131
0.401688
0.511306
0.290947
0.88239
0.710877
0.315002
0.0662374
0.690579
0.262249
0.742568
0.057197
0.645944
0.578884
0.199454
0.514445
0.506959
0.162268
0.321919
0.626829
0.822571
0.592616
0.3763
0.380517
0.666689
0.799919
0.651662
0.807314
0.515381
0.371417
0.682571
0.662761
0.559021
0.702839
0.725907
0.354616
0.811315
0.467522
0.482787
0.353377
0.241311
0.397118
0.283846
0.485745
0.554445
0.240959
0.44811
0.933303
0.981621
0.474694
0.741662
0.766958
0.699844
0.801776
0.546236
0.529357
0.394516
0.10971
0.60793
0.533305
0.728811
0.478644
0.463279
0.0576562
0.282982
0.268674
0.419629
0.654154
0.352834
0.538188
0.645673
0.600486
0.630981
0.361077
0.80664
0.406231
0.844263
0.678166
0.540521
0.590567
0.276526
0.574513
0.507185
0.389913
0.591274
0.44186
0.809668
0.481815
0.539807
0.835731
0.703317
0.572559
0.113169
0.775012
0.767638
0.0455984
0.443583
0.159497
0.225879
0.723204
0.741356
0.379662
0.723702
0.057244
0.407548
0.0326947
0.588259
0.597552
0.559525
0.642299
0.788457
0.594414
0.536025
0.638746
0.523181
0.142957
0.465129
0.298471
0.753389
0.268136
0.665809
0.703137
0.610666
0.268446
0.79092
0.366024
0.0605679
0.571333
0.177008
0.164243
0.258202
0.617448
0.316555
0.363966
0.723355
0.112378
0.371903
0.178353
0.735898
0.290606
0.420532
0.470183
0.753051
0.162953
0.55306
0.304701
0.277292
0.618285
0.621727
0.789836
0.537032
0.891926
0.428715
0.505507
0.621978
0.653432
0.697068
0.686383
0.588761
0.102634
0.67719
0.738239
0.263076
0.286646
0.532491
0.439903
0.150992
0.49207
0.644728
0.637763
0.179455
0.248375
0.611628
0.777514
0.666336
0.882132
0.0569481
0.507498
0.393402
0.44931
0.678732
0.547756
0.730074
0.0740431
0.608124
0.296399
0.458456
0.713742
0.484305
0.144249
0.124098
0.465115
0.853636
0.472156
0.79783
0.535908
0.732734
0.144772
0.631782
0.690862
0.461077
0.213371
0.544992
0.48664
0.874228
0.682591
0.551175
0.860348
0.826878
0.142512
0.611491
0.760935
0.582313
0.433168
0.279507
0.675675
0.454085
0.625177
0.617003
0.738156
0.260149
0.57669
0.414137
0.32214
0.584567
0.384443
0.517622
0.425973
0.813892
0.428345
0.710449
0.769723
0.5669
0.820708
0.667197
0.779906
0.715367
0.754787
0.263397
0.534027
0.868541
0.510334
0.516065
0.626982
0.748709
0.516116
0.597761
0.440397
0.779844
0.867724
0.78343
0.691404
0.483547
0.310943
0.3588
0.470832
0.366266
0.812506
0.424262
0.664797
0.716468
0.342929
0.551216
0.48166
0.634055
0.242662
0.324093
0.534678
0.513612
0.407007
0.262929
0.0469889
0.740721
0.543913
0.568896
0.552108
0.736074
0.814381
0.599734
0.508155
0.69375
0.111007
0.203448
0.307596
0.647066
0.527343
0.274566
0.384543
0.697634
0.22657
0.222609
0.865736
0.555004
0.719666
0.113524
0.184318
0.348405
0.609694
0.588392
0.779338
0.35558
0.183138
0.919995
0.729893
0.513689
0.502173
0.565616
0.921917
0.212754
0.613972
0.360533
0.353145
0.6101
0.543565
0.656167
0.425555
0.196195
0.659275
0.648026
0.652507
0.71351
0.623223
0.0572441
0.293183
0.535182
0.540273
0.684202
0.188154
0.200579
0.204977
0.343357
0.126488
0.594389
0.771876
0.349842
0.367073
0.638965
0.475979
0.309227
0.830139
0.622524
0.513775
0.733141
0.286384
0.327285
0.19255
0.16964
0.341473
0.501852
0.0339392
0.643963
0.641219
0.40043
0.399605
0.441137
0.259353
0.058418
0.24306
0.704208
0.297452
0.358367
0.335511
0.628915
0.104235
0.348571
0.296132
0.628651
0.625032
0.59742
0.627851
0.690369
0.849382
0.656354
0.599342
0.713129
0.632101
0.646435
0.688208
0.527802
0.298024
0.804358
0.177356
0.540123
0.307664
0.529478
0.504341
0.792378
0.48237
0.512902
0.708585
0.469595
0.813866
0.704112
0.623844
0.499909
0.754399
0.347713
0.558996
0.7438
0.592418
0.735476
0.809881
0.571862
0.351371
0.816789
0.312613
0.616622
0.668622
0.608382
0.236604
0.716015
0.718413
0.556661
0.858346
0.417996
0.885407
0.435114
0.812757
0.538629
0.807364
0.816795
0.0547793
0.729869
0.572539
0.409126
0.592241
0.440905
0.40335
0.137412
0.471612
0.21182
0.537574
0.604709
0.610545
0.353249
0.789584
0.320789
0.126464
0.411444
0.664064
0.743472
0.377103
0.678495
0.605185
0.780094
0.318054
0.823064
0.646436
0.143188
0.565084
0.733013
0.622579
0.762
0.558219
0.801995
0.334244
0.163145
0.568413
0.345849
0.504626
0.711294
0.266258
0.145506
0.806876
0.787676
0.0367413
0.184701
0.365646
0.358374
0.521337
0.435188
0.634058
0.731122
0.100296
0.683879
0.0602316
0.555848
0.702765
0.830353
0.187508
0.690749
0.153963
0.43853
0.747831
0.809687
0.444123
0.514083
0.220691
0.560026
0.832857
0.411476
0.730227
0.696266
0.374217
0.539479
0.825211
0.630177
0.365303
0.326911
0.758702
0.858844
0.852877
0.490866
0.405939
0.720517
0.470687
0.457603
0.668042
0.337737
0.606589
0.467073
0.592485
0.626681
0.724909
0.428023
0.465542
0.18816
0.679722
0.942208
0.0802749
0.541927
0.605907
0.619515
0.668375
0.801189
0.303125
0.389259
0.422919
0.0805871
0.649304
0.718861
0.611575
0.711389
0.521519
0.552554
0.730669
0.159045
0.576186
0.44018
0.460313
0.536231
0.386294
0.527437
0.830427
0.351473
0.722853
0.834532
0.286732
0.661918
0.503959
0.572912
0.869404
0.696037
0.533288
0.604594
0.148967
0.462412
0.94901
0.574867
0.131976
0.753876
0.381132
0.546647
0.564188
0.665571
0.755519
0.679172
0.618931
0.579882
0.346526
0.744529
0.681637
0.19577
0.287349
0.125288
0.595785
0.715774
0.128715
0.370766
0.510083
0.420718
0.506962
0.675457
0.120108
0.549402
0.671128
0.702456
0.424604
0.515262
0.222292
0.459956
0.520877
0.180212
0.608245
0.751839
0.642988
0.770972
0.626386
0.383275
0.251721
0.392502
0.649841
0.724449
0.584668
0.60425
0.672867
0.648922
0.55841
0.680319
0.677431
0.619339
0.546644
0.475354
0.529102
0.696881
0.270057
0.446863
0.691143
0.771493
0.835891
0.177218
0.0225149
0.387381
0.866343
0.144612
0.373664
0.84025
0.765236
0.157345
0.252926
0.671416
0.216926
0.473155
0.829351
0.240392
0.262522
0.320376
0.520873
0.217543
0.405357
0.767814
0.625417
0.290166
0.13726
0.839547
0.314011
0.347758
0.840898
0.892663
0.546008
0.520154
0.200438
0.20624
0.410187
0.585892
0.39425
0.525837
0.293824
0.325218
0.703896
0.717857
0.332709
0.687079
0.121073
0.768729
0.624437
0.456934
0.309918
0.529804
0.157694
0.783641
0.453064
0.356196
0.38575
0.0694481
0.151776
0.344871
0.133986
0.307763
0.562856
0.428476
0.274787
0.591266
0.431906
0.491969
0.481412
0.237138
0.47217
0.615426
0.75135
0.321431
0.701532
0.43728
0.138557
0.689405
0.601093
0.408826
0.629511
0.20417
0.838317
0.459474
0.178114
0.247566
0.648857
0.603657
0.337527
0.0455778
0.591249
0.738351
0.806543
0.362977
0.386996
0.547132
0.621117
0.324256
0.595073
0.576525
0.572023
0.147395
0.325244
0.852535
0.743195
0.430362
0.572384
0.344465
0.43752
0.871882
0.399793
0.697496
0.0875047
0.863461
0.386472
0.773911
0.497465
0.637497
0.382941
0.778274
0.851175
0.36506
0.6577
0.648363
0.940085
0.738556
0.753024
0.548234
0.717754
0.177346
0.252846
0.180895
0.6264
0.530836
0.539775
0.506558
0.459094
0.810455
0.545712
0.727728
0.439804
0.756493
0.558366
0.510804
0.375005
0.500018
0.622496
0.831825
0.862134
0.23246
0.441284
0.651052
0.467375
0.496928
0.33982
0.210028
0.664011
0.45617
0.331998
0.577156
0.638255
0.461357
0.570377
0.11379
0.688328
0.423384
0.198013
0.0144911
0.213239
0.36158
0.296871
0.514417
0.552766
0.78198
0.349995
0.794592
0.740175
0.520822
0.223878
0.180814
0.533123
0.635252
0.511162
0.555186
0.566944
0.508519
0.782183
0.111274
0.194729
0.28191
0.634067
0.388712
0.317664
0.744392
0.237293
0.587477
0.76602
0.404987
0.704005
0.43047
0.497452
0.555993
0.579958
0.773497
0.142186
0.662258
0.508054
0.51717
0.597174
0.700945
0.747397
0.601441
0.498162
0.245634
0.347723
0.698305
0.753378
0.567994
0.350919
0.139842
0.687139
0.58451
0.826187
0.709635
0.41417
0.446008
0.214929
0.553559
0.548396
0.61625
0.236907
0.313345
0.116392
0.594771
0.0698062
0.103301
0.893936
0.809459
0.280339
0.642382
0.255588
0.106869
0.412558
0.772837
0.561895
0.691055
0.241782
0.193845
0.302414
0.73825
0.408161
0.498955
0.183599
0.320212
0.410472
0.249591
0.800505
0.0594748
0.831446
0.898938
0.433299
0.182444
0.52054
0.409007
0.0334697
0.719009
0.424341
0.534793
0.318551
0.329603
0.476422
0.707585
0.5797
0.495925
0.495499
0.664822
0.867
0.675187
0.395272
0.23079
0.204862
0.136941
0.573655
0.251194
0.466921
0.403678
0.699267
0.135126
0.644849
0.764704
0.147662
0.381229
0.700542
0.667142
0.419045
0.532158
0.242534
0.290436
0.580959
0.322418
0.471461
0.511578
0.731542
0.344804
0.562906
0.214361
0.279756
0.453586
0.512703
0.408348
0.474563
0.29286
0.630636
0.42731
0.35281
0.53936
0.130562
0.826939
0.624301
0.640349
0.367716
0.833039
0.481909
0.343796
0.207996
0.588188
0.319437
0.608242
0.217195
0.81632
0.414971
0.821933
0.609652
0.292468
0.564633
0.824509
0.644288
0.143386
0.240381
0.294223
0.421703
0.316788
0.247812
0.697047
0.134383
0.409303
0.714695
0.547617
0.341989
0.694713
0.77598
0.380081
0.572982
0.439466
0.448939
0.352242
0.428716
0.762743
0.607992
0.401809
0.51068
0.277136
0.359028
0.59742
0.686483
0.188363
0.389405
0.573011
0.641186
0.454636
0.273235
0.154216
0.0947324
0.489798
0.776618
0.500171
0.770214
0.746513
0.314042
0.491047
0.685608
0.656033
0.791187
0.81401
0.592451
0.611381
0.29931
0.744892
0.636214
0.565864
0.331442
0.657574
0.785744
0.64073
0.482676
0.185683
0.391759
0.238173
0.55285
0.729537
0.363025
0.536274
0.672399
0.568001
0.595942
0.485065
0.627567
0.459296
0.519389
0.664749
0.142273
0.624609
0.258406
0.781181
0.23468
0.542992
0.74914
0.780565
0.45442
0.676228
0.989579
0.652324
0.654167
0.398666
0.933341
0.260734
0.489808
0.496131
0.695554
0.364568
0.727098
0.71422
0.592988
0.615317
0.484701
0.508409
0.204548
0.296634
0.15313
0.918077
0.798854
0.56713
0.100137
0.370536
0.670302
0.67832
0.746764
0.582613
0.770967
0.53145
0.925769
0.322944
0.52829
0.429882
0.613272
0.594259
0.624472
0.965796
0.691794
0.0811184
0.560104
0.769455
0.522911
0.700369
0.525293
0.303839
0.376884
0.147832
0.573331
0.573324
0.616052
0.315941
0.565205
0.508721
0.642852
0.255817
0.543248
0.395101
0.482858
0.695823
0.495023
0.295986
0.339376
0.646592
0.771392
0.739364
0.64915
0.510599
0.694436
0.241741
0.159477
0.6926
0.0650542
0.865435
0.275847
0.280993
0.720925
0.367837
0.756595
0.376148
0.549107
0.521086
0.759365
0.746793
0.523357
0.873482
0.713526
0.116729
0.712372
0.238318
0.666022
0.317725
0.512394
0.532912
0.614351
0.804331
0.380417
0.551897
0.613554
0.2611
0.563202
0.625583
0.460563
0.458689
0.27072
0.694554
0.8126
0.591882
0.306163
0.178906
0.725372
0.60813
0.782464
0.809988
0.608579
0.277714
0.825854
0.843509
0.0782739
0.758876
0.724899
0.670771
0.760149
0.758018
0.220962
0.415044
0.579039
0.840468
0.419298
0.580779
0.466108
0.584697
0.465144
0.420525
0.474308
0.779236
0.45052
0.67773
0.274305
0.517427
0.762013
0.424519
0.480256
0.748909
0.760093
0.808475
0.767558
0.523072
0.201711
0.700603
0.811761
0.751393
0.600623
0.424028
0.487141
0.170296
0.548964
0.415106
0.487834
0.289526
0.658812
0.858799
0.642926
0.636805
0.24173
0.233837
0.194141
0.570738
0.342746
0.629309
0.531504
0.650793
0.302585
0.383679
0.401938
0.549434
0.751045
0.708372
0.222518
0.755696
0.273724
0.648144
0.448435
0.580501
0.650569
0.789588
0.615175
0.737755
0.172125
0.441448
0.619549
0.745299
0.298961
0.358571
0.348509
0.8239
0.675583
0.372669
0.493376
0.882923
0.867867
0.476128
0.323103
0.365198
0.727982
0.568334
0.742869
0.700516
0.633256
0.680986
0.535815
0.277059
0.731055
0.472393
0.759544
0.217164
0.704072
0.864549
0.606293
0.696107
0.687827
0.809718
0.536217
0.0329968
0.381547
0.742393
0.749984
0.188181
0.849245
0.893997
0.634652
0.529287
0.487873
0.379068
0.664505
0.577888
0.31319
0.525726
0.47604
0.221187
0.0727773
0.310373
0.277927
0.722428
0.31815
0.331703
0.701307
0.738946
0.602984
0.639283
0.41993
0.495979
0.718904
0.332928
0.174964
0.0764677
0.582538
0.579166
0.64309
0.628754
0.379281
0.595187
0.245178
0.627238
0.495855
0.788154
0.0758513
0.295771
0.632966
0.391973
0.236947
0.447913
0.670981
0.537643
0.779066
0.658511
0.749276
0.613761
0.51244
0.848805
0.347269
0.273175
0.355152
0.158258
0.505744
0.563335
0.734132
0.673714
0.41994
0.534082
0.939194
0.378858
0.344977
0.509389
0.835676
0.60761
0.606087
0.207698
0.575932
0.609805
0.436969
0.520479
0.726153
0.0586086
0.729269
0.379164
0.290514
0.32625
0.209176
0.331716
0.495501
0.178387
0.466682
0.228654
0.471998
0.259127
0.759628
0.472503
0.776676
0.51314
0.650924
0.431626
0.646946
0.467019
0.231965
0.24356
0.274954
0.403442
0.609305
0.445913
0.803173
0.436125
0.225719
0.527145
0.927335
0.292887
0.594
0.29146
0.836834
0.719678
0.766357
0.667919
0.740142
0.474739
0.431284
0.531246
0.451305
0.146423
0.0507637
0.698019
0.286999
0.522805
0.483895
0.628585
0.322197
0.391116
0.867134
0.0816652
0.43321
0.588007
0.307077
0.764143
0.74045
0.408747
0.244021
0.529462
0.333203
0.101477
0.321726
0.428955
0.742235
0.32447
0.213003
0.347655
0.181989
0.768986
0.782013
0.763013
0.711999
0.0526594
0.655966
0.391014
0.667421
0.203663
0.1987
0.0793795
0.568414
0.899129
0.581511
0.784628
0.738962
0.841221
0.844296
0.630091
0.604078
0.62118
0.13512
0.74551
0.588717
0.666235
0.478527
0.358272
0.19244
0.705125
0.200473
0.150937
0.595141
0.503842
0.566383
0.795704
0.446371
0.649085
0.544595
0.635076
0.222486
0.915304
0.760311
0.474234
0.503912
0.209853
0.0840913
0.601579
0.640696
0.287247
0.309624
0.769179
0.245992
0.700062
0.803873
0.648977
0.810732
0.697051
0.482833
0.493187
0.660621
0.510749
0.332085
0.0829501
0.926771
0.301567
0.480805
0.531905
0.700559
0.1548
0.789126
0.659267
0.340887
0.662766
0.123274
0.238499
0.412099
0.63083
0.57416
0.702745
0.307453
0.323234
0.555961
0.534592
0.790955
0.757561
0.0719762
0.301617
0.491941
0.445472
0.144806
0.197614
0.209782
0.571818
0.551234
0.808204
0.0773272
0.520714
0.259248
0.427082
0.669603
0.54488
0.663165
0.682561
0.560164
0.556355
0.147522
0.64214
0.729389
0.61506
0.0968241
0.205699
0.366601
0.48442
0.581388
0.502215
0.727697
0.531126
0.424011
0.723017
0.525563
0.168892
0.518102
0.2168
0.095331
0.381467
0.705876
0.123532
0.556201
0.776076
0.858538
0.192526
0.576744
0.542507
0.475759
0.858806
0.834441
0.518265
0.936793
0.73692
0.769216
0.403068
0.682452
0.362202
0.602135
0.626067
0.631142
0.562286
0.373962
0.724847
0.773479
0.57682
0.217873
0.520493
0.250842
0.699596
0.309928
0.584647
0.39424
0.331425
0.57599
0.460173
0.253556
0.416717
0.648003
0.673484
0.369236
0.712774
0.48126
0.90179
0.643395
0.688484
0.718249
0.794387
0.74968
0.420875
0.703722
0.775284
0.269944
0.490165
0.28261
0.311662
0.43606
0.144248
0.568884
0.364651
0.300484
0.341396
0.611805
0.294168
0.241402
0.550848
0.764805
0.341932
0.522268
0.784278
0.499119
0.580205
0.570666
0.57488
0.682919
0.676237
0.624932
0.647496
0.607779
0.720843
0.727991
0.730849
0.47132
0.434039
0.547776
0.359551
0.437837
0.177502
0.271279
0.870277
0.777689
0.551447
0.765346
0.826315
0.623496
0.754604
0.43701
0.576183
0.562942
0.743835
0.691523
0.539121
0.310947
0.299637
0.438149
0.354614
0.372562
0.562935
0.293937
0.606966
0.462785
0.977471
0.555172
0.479038
0.650552
0.71048
0.661753
0.123496
0.865917
0.20964
0.485072
0.481365
0.434462
0.514401
0.656984
0.210545
0.58679
0.77157
0.806172
0.768761
0.534801
0.404917
0.363503
0.631038
0.569618
0.871222
0.618999
0.669575
0.582318
0.427302
0.697635
0.961661
0.759826
0.380333
0.628457
0.27273
0.362471
0.715522
0.224095
0.596656
0.232649
0.282076
0.709794
0.605928
0.43762
0.381748
0.842016
0.357196
0.744354
0.673481
0.504347
0.543676
0.761476
0.283885
0.323475
0.522752
0.755896
0.136395
0.491069
0.286466
0.577672
0.809378
0.37637
0.366376
0.385634
0.439331
0.475416
0.758292
0.730025
0.27331
0.0469085
0.233736
0.754273
0.561186
0.596246
0.717988
0.499519
0.598065
0.648152
0.685612
0.392313
0.600951
0.165901
0.0278251
0.249572
0.91462
0.460395
0.652424
0.398359
0.338197
0.395745
0.704143
0.641126
0.0438323
0.520625
0.567223
0.218372
0.426108
0.584337
0.0855349
0.804413
0.791041
0.0787106
0.709188
0.551374
0.490244
0.261595
0.586259
0.395789
0.0386801
0.616139
0.363466
0.735991
0.749641
0.277043
0.0540117
0.53421
0.807448
0.267892
0.361755
0.66198
0.54638
0.732942
0.557257
0.662852
0.172119
0.678265
0.664355
0.877711
0.545986
0.736654
0.511321
0.714431
0.734998
0.791925
0.649248
0.702744
0.427568
0.49041
0.826345
0.582507
0.31918
0.589085
0.29046
0.187424
0.761899
0.168356
0.168065
0.592448
0.6836
0.487756
0.85096
0.118593
0.110223
0.706952
0.0900672
0.0772926
0.905689
0.664713
0.339253
0.754022
0.592433
0.406252
0.698923
0.668327
0.658168
0.74049
0.658924
0.036019
0.65266
0.155823
0.80096
0.539893
0.826802
0.805052
0.925177
0.591501
0.170186
0.592178
0.957917
0.575448
0.486539
0.496282
0.36553
0.243854
0.0391964
0.330831
0.383735
0.257839
0.629225
0.682577
0.627881
0.523893
0.149747
0.228214
0.474314
0.5984
0.60735
0.528582
0.398476
0.338646
0.668715
0.161914
0.323987
0.480009
0.768901
0.113663
0.472324
0.597429
0.338635
0.384555
0.557834
0.881959
0.681073
0.564538
0.902997
0.398698
0.265348
0.29684
0.478411
0.282378
0.666346
0.274284
0.508792
0.43076
0.922749
0.607987
0.526201
0.69617
0.489475
0.534269
0.649226
0.788904
0.696277
0.303074
0.616106
0.503349
0.600445
0.729485
0.439512
0.659903
0.696868
0.1642
0.588436
0.109383
0.807577
0.076212
0.671585
0.201278
0.458408
0.276427
0.136093
0.473782
0.22977
0.630938
0.554047
0.71577
0.390017
0.160664
0.752558
0.666447
0.630219
0.680158
0.639862
0.315115
0.10432
0.0869528
0.472071
0.267484
0.415394
0.18123
0.154616
0.343975
0.121369
0.693266
0.50013
0.354632
0.823128
0.741168
0.633256
0.329894
0.281875
0.309769
0.54317
0.0549225
0.657252
0.734601
0.0870397
0.366047
0.693228
0.27742
0.747219
0.76161
0.450413
0.407814
0.200554
0.15419
0.516735
0.426249
0.406715
0.628071
0.60251
0.740001
0.230048
0.391419
0.358453
0.500322
0.607276
0.41615
0.0553333
0.0814194
0.574616
0.707046
0.181195
0.676897
0.586266
0.120444
0.520712
0.793913
0.603402
0.470436
0.544941
0.435128
0.688817
0.530794
0.394753
0.700822
0.586184
0.895971
0.603088
0.627663
0.690729
0.707497
0.28361
0.501104
0.0659665
0.749612
0.603146
0.158921
0.63566
0.475168
0.525896
0.304419
0.400772
0.619631
0.508848
0.811108
0.591964
0.368127
0.353912
0.033082
0.677688
0.761957
0.69146
0.112689
0.321718
0.0623168
0.763163
0.556177
0.286288
0.264327
0.469743
0.242599
0.853547
0.574048
0.238462
0.338215
0.813617
0.393917
0.551063
0.723234
0.120212
0.406324
0.371094
0.254842
0.690702
0.899287
0.36764
0.602582
0.620493
0.704035
0.644731
0.170664
0.640755
0.167449
0.655481
0.741645
0.295658
0.27223
0.60997
0.682974
0.482209
0.742976
0.36509
0.0585608
0.132676
0.345733
0.631567
0.674973
0.6263
0.324148
0.489157
0.457217
0.281389
0.734856
0.675804
0.691675
0.613752
0.63826
0.503502
0.851539
0.691208
0.145398
0.711891
0.748763
0.651044
0.500792
0.294825
0.40051
0.982701
0.0736848
0.877722
0.876391
0.505901
0.689452
0.523282
0.340498
0.887112
0.338614
0.386894
0.530736
0.525564
0.622687
0.195034
0.603655
0.0882018
0.643059
0.113566
0.435612
0.314813
0.460314
0.229454
0.205165
0.181326
0.49923
0.477686
0.276281
0.140725
0.426736
0.746485
0.649466
0.0987298
0.472244
0.464765
0.772897
0.416403
0.406999
0.578109
0.50444
0.55357
0.567517
0.563445
0.63497
0.313533
0.437048
0.115875
0.808623
0.402252
0.646594
0.539971
0.397746
0.345662
0.615552
0.360989
0.0570251
0.265647
0.694642
0.37659
0.616366
0.623869
0.502943
0.582714
0.321928
0.709119
0.478698
0.729911
0.699533
0.812129
0.696577
0.384453
0.639769
0.393035
0.427937
0.259763
0.442262
0.523254
0.475694
0.812429
0.471731
0.816266
0.537167
0.746112
0.659296
0.0872768
0.685785
0.533693
0.391712
0.129696
0.527132
0.470643
0.466594
0.504693
0.822815
0.713521
0.332739
0.558128
0.693487
0.0308673
0.65424
0.472415
0.66412
0.488376
0.765152
0.186759
0.81072
0.694722
0.257137
0.755866
0.458041
0.44923
0.731056
0.383887
0.787658
0.26379
0.634774
0.726528
0.21308
0.052235
0.319452
0.0587935
0.744356
0.705605
0.520047
0.676689
0.625375
0.0425332
0.276725
0.0958949
0.324975
0.552698
0.469789
0.74348
0.112055
0.647114
0.58103
0.0965122
0.446759
0.94447
0.200804
0.322626
0.607402
0.456215
0.405095
0.76343
0.625198
0.0788092
0.768932
0.0435618
0.800052
0.309244
0.280141
0.0119312
0.308899
0.0160141
0.726956
0.451997
0.289157
0.776683
0.67688
0.5278
0.538066
0.53507
0.387381
0.188802
0.60298
0.729214
0.559631
0.55531
0.0456998
0.716658
0.606405
0.518008
0.845676
0.630539
0.579981
0.410819
0.537668
0.548864
0.218356
0.660648
0.350098
0.822462
0.698785
0.800883
0.152134
0.540499
0.680385
0.274939
0.475154
0.825639
0.612857
0.0894181
0.553905
0.465575
0.35085
0.635119
0.638472
0.754049
0.77274
0.380403
0.154355
0.491614
0.214475
0.726806
0.204086
0.440197
0.484348
0.124746
0.633926
0.859146
0.414414
0.24275
0.493057
0.38547
0.499413
0.067313
0.362123
0.19505
0.129981
0.468774
0.350352
0.757755
0.29487
0.701709
0.656874
0.818117
0.442746
0.466278
0.432753
0.652768
0.670887
0.443712
0.364237
0.31315
0.849436
0.267188
0.413805
0.591938
0.0857146
0.411953
0.368801
0.715036
0.616227
0.642845
0.504343
0.720903
0.413675
0.594327
0.873292
0.893075
0.329097
0.407546
0.670617
0.635221
0.720058
0.685707
0.473775
0.967133
0.7056
0.277798
0.183885
0.704313
0.361658
0.484689
0.367166
0.389438
0.395377
0.337303
0.573206
0.511027
0.657116
0.803747
0.610055
0.610628
0.243222
0.392059
0.361623
0.625442
0.398338
0.324932
0.833097
0.347056
0.0885295
0.0405815
0.572779
0.428028
0.262999
0.0632689
0.0329974
0.743936
0.690966
0.24543
0.391163
0.599491
0.770639
0.725412
0.7557
0.471089
0.660522
0.284915
0.426771
0.553232
0.180691
0.904416
0.412813
0.570055
0.274725
0.5679
0.328341
0.608964
0.58331
0.924409
0.479904
0.768167
0.16618
0.750276
0.47905
0.341958
0.757772
0.0746257
0.338495
0.600812
0.496114
0.258804
0.516298
0.64122
0.802816
0.327846
0.352227
0.345022
0.77114
0.656398
0.384547
0.210823
0.394854
0.494147
0.670294
0.384588
0.785703
0.498777
0.688347
0.387504
0.382935
0.199362
0.347025
0.111649
0.734173
0.458052
0.661153
0.74413
0.37486
0.151238
0.816501
0.71663
0.0693213
0.455612
0.470135
0.637384
0.697692
0.518639
0.383502
0.431408
0.0974344
0.720008
0.382093
0.714343
0.546339
0.145232
0.605841
0.113028
0.661881
0.293895
0.5135
0.106693
0.711469
0.411158
0.713977
0.761825
0.475148
0.901367
0.694477
0.689619
0.57479
0.787729
0.346761
0.620766
0.380541
0.945784
0.635539
0.748347
0.507221
0.655553
0.520238
0.821553
0.535233
0.465257
0.21951
0.460601
0.446851
0.516283
0.156541
0.333336
0.372224
0.256646
0.825251
0.601002
0.649513
0.530752
0.265077
0.0725748
0.595191
0.416285
0.331471
0.801599
0.524543
0.763822
0.272065
0.629388
0.720306
0.48429
0.617399
0.447152
0.204473
0.692198
0.640269
0.725801
0.735887
0.603993
0.115723
0.333339
0.781172
0.645252
0.583627
0.450316
0.610502
0.460175
0.798888
0.817715
0.476694
0.278169
0.749559
0.219494
0.237944
0.740666
0.769206
0.315955
0.0196677
0.260472
0.155548
0.215826
0.702548
0.6192
0.669676
0.331165
0.210035
0.298711
0.516322
0.62765
0.367293
0.323713
0.403752
0.518025
0.350717
0.65965
0.784428
0.64963
0.895283
0.394382
0.762091
0.294225
0.440759
0.317851
0.20505
0.742189
0.513801
0.462473
0.365223
0.873958
0.739566
0.390534
0.345703
0.380269
0.311187
0.81985
0.425997
0.568247
0.628278
0.382034
0.641186
0.668505
0.533196
0.546213
0.752757
0.740007
0.184425
0.746747
0.431422
0.37104
0.826436
0.507564
0.608857
0.66182
0.0679774
0.501137
0.346935
0.578128
0.515298
0.232268
0.0932982
0.703844
0.725483
0.133123
0.321854
0.632438
0.644433
0.692985
0.220473
0.422078
0.263593
0.703114
0.727368
0.552741
0.777501
0.696719
0.0656783
0.923041
0.531696
0.555638
0.584351
0.642356
0.784084
0.890424
0.679271
0.431983
0.611069
0.586472
0.713202
0.443426
0.28489
0.0366967
0.463434
0.11749
0.664188
0.100529
0.40754
0.621479
0.676437
0.467226
0.675163
0.349669
0.587029
0.548266
0.286297
0.767435
0.865002
0.301994
0.272504
0.708931
0.750585
0.387588
0.215777
0.859072
0.611858
0.589861
0.195266
0.335439
0.528496
0.20515
0.599347
0.632737
0.737396
0.678495
0.896319
0.666097
0.643275
0.363229
0.719676
0.598383
0.0351818
0.562012
0.420212
0.81803
0.472931
0.477095
0.592517
0.311705
0.107466
0.740473
0.346447
0.650857
0.496672
0.664083
0.0944371
0.398356
0.551393
0.736151
0.244258
0.539027
0.384179
0.589714
0.57974
0.189031
0.506663
0.0680117
0.237573
0.664939
0.365112
0.317121
0.369
0.294201
0.373254
0.153942
0.448281
0.71171
0.767115
0.615104
0.534156
0.311651
0.744011
0.27612
0.644078
0.793529
0.265323
0.146413
0.749507
0.505975
0.796486
0.363948
0.711331
0.140469
0.206091
0.657144
0.313923
0.526532
0.568103
0.433555
0.239809
0.742982
0.482497
0.345854
0.366964
0.882266
0.725278
0.487191
0.676078
0.136751
0.532013
0.581879
0.734331
0.18841
0.357262
0.202779
0.718546
0.0425377
0.886048
0.416418
0.368865
0.73018
0.749805
0.570433
0.188574
0.542532
0.115054
0.766581
0.615319
0.332105
0.561887
0.395725
0.118423
0.384138
0.232228
0.18373
0.493362
0.528081
0.416015
0.677308
0.61192
0.33814
0.279333
0.323227
0.234945
0.596239
0.769439
0.398519
0.43261
0.36253
0.791359
0.960075
0.528564
0.571628
0.588464
0.31913
0.543846
0.0890587
0.348096
0.202294
0.435036
0.606802
0.335556
0.694945
0.425537
0.807493
0.51734
0.75697
0.374851
0.147459
0.622509
0.402614
0.279173
0.216521
0.543843
0.862061
0.835299
0.637595
0.687077
0.516968
0.0781264
0.513959
0.607007
0.674146
0.926895
0.675947
0.545799
0.704217
0.305171
0.164748
0.279152
0.681192
0.578233
0.694841
0.557236
0.803149
0.694055
0.738169
0.817481
0.815473
0.679922
0.304973
0.843338
0.766697
0.70938
0.488286
0.758886
0.659666
0.506426
0.532085
0.709271
0.751605
0.799944
0.806482
0.250877
0.503391
0.39915
0.718048
0.558548
0.451887
0.547039
0.893639
0.521939
0.825739
0.328538
0.747779
0.431882
0.277742
0.221795
0.812931
0.396374
0.410647
0.100891
0.683321
0.837615
0.431221
0.316189
0.487237
0.386588
0.140598
0.747598
0.363642
0.374824
0.324979
0.679898
0.251639
0.16385
0.265886
0.457537
0.517265
0.0430758
0.700215
0.0570982
0.528719
0.834871
0.239895
0.47849
0.877784
0.611174
0.196018
0.7613
0.533242
0.52988
0.719147
0.468063
0.19834
0.631651
0.438973
0.508398
0.468849
0.920905
0.846337
0.323518
0.325508
0.448269
0.342554
0.422333
0.768567
0.631308
0.669575
0.739676
0.624166
0.591345
0.418405
0.495718
0.179206
0.790437
0.693821
0.471142
0.0956317
0.407863
0.299726
0.242254
0.274733
0.441894
0.842168
0.702034
0.799774
0.703039
0.877594
0.536388
0.674358
0.795928
0.543281
0.0883019
0.146628
0.395966
0.322328
0.573572
0.575704
0.356655
0.686723
0.419498
0.73261
0.56834
0.847919
0.23386
0.572411
0.676576
0.679488
0.82716
0.433008
0.629566
0.498423
0.71838
0.178643
0.563993
0.375164
0.752759
0.559251
0.671424
0.127299
0.327586
0.176618
0.884353
0.731984
0.779544
0.622423
0.67958
0.548949
0.723717
0.957441
0.381826
0.804939
0.698735
0.512732
0.783109
0.724133
0.388913
0.178175
0.897866
0.236518
0.59623
0.574832
0.593156
0.603793
0.369042
0.0882043
0.324713
0.543641
0.410938
0.720132
0.748353
0.629968
0.177155
0.411409
0.403749
0.667762
0.712575
0.109143
0.554335
0.251986
0.328881
0.656274
0.552754
0.557628
0.553717
0.674188
0.362781
0.668747
0.573618
0.338255
0.54366
0.733556
0.408549
0.824751
0.413143
0.632228
0.489176
0.633918
0.582735
0.668742
0.693223
0.357492
0.797735
0.274282
0.14375
0.519906
0.568483
0.0426721
0.59798
0.0370701
0.702082
0.281179
0.829181
0.515562
0.777529
0.445132
0.444844
0.580404
0.777527
0.621104
0.585637
0.752686
0.524041
0.78604
0.322073
0.366058
0.444857
0.353521
0.482096
0.607831
0.694696
0.53701
0.448283
0.453628
0.62098
0.583876
0.386673
0.716184
0.523949
0.850865
0.544881
0.608887
0.544628
0.540602
0.660063
0.545664
0.617089
0.314524
0.577249
0.735181
0.261179
0.319788
0.259302
0.0457161
0.363959
0.844054
0.53153
0.872015
0.243038
0.487659
0.533047
0.554432
0.284051
0.727369
0.748308
0.9401
0.597263
0.766216
0.697619
0.328284
0.701197
0.62189
0.58961
0.579851
0.544588
0.593389
0.263708
0.419113
0.267228
0.714371
0.810509
0.184204
0.189106
0.813338
0.691175
0.87293
0.720759
0.434198
0.73094
0.755195
0.612539
0.495839
0.778406
0.351069
0.752004
0.566213
0.739313
0.72768
0.507718
0.401098
0.281268
0.268563
0.205634
0.690903
0.595854
0.63193
0.54493
0.778511
0.495998
0.503674
0.826575
0.460945
0.53576
0.695742
0.948955
0.411558
0.211475
0.746943
0.547555
0.58457
0.611618
0.809676
0.444125
0.148987
0.283414
0.551331
0.613771
0.565414
0.0911763
0.7527
0.452266
0.514434
0.597412
0.918
0.372152
0.296289
0.8588
0.694569
0.179808
0.165312
0.750134
0.415998
0.274454
0.672986
0.502506
0.672589
0.681145
0.250916
0.69552
0.711998
0.407686
0.495355
0.854031
0.4351
0.0803456
0.159371
0.321128
0.587747
0.359924
0.696964
0.262242
0.146413
0.702604
0.150844
0.29191
0.598836
0.425746
0.548902
0.717728
0.565855
0.5758
0.349959
0.410686
0.684228
0.282766
0.740767
0.694631
0.461894
0.17014
0.827252
0.80241
0.787656
0.286677
0.738421
0.289385
0.712003
0.386816
0.430279
0.897681
0.340705
0.0732429
0.034443
0.647311
0.780933
0.717186
0.804938
0.301569
0.140986
0.502744
0.399929
0.398574
0.155644
0.761736
0.652772
0.720481
0.393653
0.358065
0.523047
0.513633
0.718018
0.725743
0.532274
0.297347
0.389239
0.774766
0.718838
0.464016
0.711668
0.763139
0.807824
0.765995
0.6346
0.0372095
0.489578
0.429312
0.446289
0.789583
0.723572
0.804003
0.8007
0.399178
0.655494
0.841282
0.680212
0.919952
0.164008
0.352124
0.155721
0.404402
0.0978266
0.747785
0.667194
0.586028
0.606513
0.576526
0.578498
0.104531
0.382779
0.613564
0.437779
0.27766
0.519157
0.580098
0.268071
0.523123
0.389224
0.95555
0.531745
0.542464
0.848481
0.273387
0.835696
0.651327
0.805644
0.749108
0.521933
0.447069
0.500883
0.541221
0.423067
0.484281
0.187684
0.671918
0.622445
0.812309
0.319416
0.739691
0.48882
0.721424
0.632609
0.366548
0.490792
0.211567
0.614268
0.533942
0.603172
0.562025
0.834061
0.18764
0.132063
0.269372
0.493364
0.288449
0.504338
0.313345
0.173113
0.356964
0.608681
0.755558
0.0515861
0.539776
0.718642
0.572022
0.751772
0.42929
0.610633
0.363771
0.529401
0.705142
0.255047
0.559174
0.125588
0.592342
0.319054
0.397261
0.55043
0.253639
0.850913
0.434056
0.506337
0.634237
0.442771
0.434206
0.470007
0.843563
0.788882
0.67558
0.400754
0.467535
0.0704319
0.813315
0.524527
0.662966
0.27086
0.674954
0.525897
0.413868
0.342853
0.499057
0.218902
0.826387
0.41516
0.733957
0.738053
0.245102
0.722984
0.551207
0.703772
0.821668
0.20316
0.730491
0.385732
0.396353
0.394099
0.431333
0.700976
0.377168
0.606543
0.15701
0.114793
0.539765
0.858028
0.613327
0.858807
0.545796
0.710781
0.493825
0.425123
0.73122
0.563799
0.627092
0.867159
0.597151
0.336704
0.280016
0.335416
0.668581
0.400768
0.109127
0.524678
0.732157
0.241022
0.300686
0.622473
0.620766
0.387711
0.616287
0.174361
0.481761
0.629577
0.577808
0.74626
0.881061
0.822291
0.827511
0.266947
0.809411
0.855284
0.592408
0.301593
0.424948
0.412148
0.181309
0.737957
0.548142
0.782361
0.533033
0.190275
0.842366
0.17622
0.30271
0.207898
0.318462
0.703237
0.653203
0.46019
0.730421
0.835129
0.437473
0.533826
0.529405
0.635016
0.655752
0.276538
0.165129
0.397086
0.461495
0.387812
0.725862
0.427192
0.455082
0.734107
0.5824
0.477375
0.0534894
0.526081
0.156702
0.368463
0.753315
0.605531
0.586255
0.372963
0.406704
0.551915
0.563441
0.453003
0.129811
0.657113
0.605588
0.760164
0.141591
0.52009
0.840184
0.854
0.372136
0.8197
0.328378
0.127404
0.14515
0.46862
0.113358
0.655674
0.103155
0.83796
0.74236
0.731091
0.661633
0.830825
0.784997
0.43363
0.377617
0.678294
0.619651
0.394667
0.840106
0.745598
0.523545
0.450478
0.582494
0.836728
0.179139
0.359582
0.119507
0.384311
0.262958
0.437432
0.87656
0.19903
0.642878
0.529489
0.457127
0.764878
0.569546
0.889116
0.276727
0.400009
0.57413
0.537155
0.118845
0.129956
0.652614
0.703787
0.742794
0.663092
0.85502
0.242895
0.576172
0.444898
0.154496
0.62733
0.513981
0.413982
0.571762
0.627712
0.475351
0.787
0.323715
0.852449
0.459882
0.401691
0.0887629
0.541596
0.740633
0.558092
0.873297
0.795184
0.18582
0.808261
0.898848
0.657632
0.393897
0.730697
0.684545
0.747131
0.54014
0.520401
0.652445
0.0664498
0.439321
0.632408
0.290985
0.217227
0.386701
0.0549982
0.577423
0.459035
0.0988504
0.682704
0.856452
0.205774
0.453715
0.916556
0.340465
0.544136
0.522138
0.547898
0.327827
0.405474
0.129218
0.577527
0.571525
0.490789
0.676882
0.108748
0.692795
0.815007
0.816852
0.568073
0.560012
0.259021
0.58723
0.797317
0.581918
0.487177
0.906586
0.769202
0.414559
0.567227
0.0891856
0.679137
0.197544
0.208986
0.489143
0.820872
0.508365
0.312634
0.395436
0.759014
0.618466
0.314548
0.370006
0.772873
0.209522
0.402294
0.354257
0.727132
0.527018
0.758954
0.562706
0.380094
0.23516
0.523447
0.590589
0.460326
0.786288
0.179623
0.410224
0.889635
0.429161
0.43577
0.253654
0.513895
0.655157
0.259269
0.548323
0.366936
0.174207
0.621328
0.415776
0.447997
0.578937
0.693041
0.623599
0.897478
0.445409
0.114446
0.138223
0.271295
0.535684
0.488494
0.525436
0.612319
0.578449
0.70669
0.572334
0.0563207
0.166861
0.677692
0.803786
0.56375
0.151604
0.610664
0.254509
0.533127
0.276443
0.572157
0.578563
0.472315
0.232139
0.838521
0.583751
0.514463
0.640811
0.825618
0.747451
0.710777
0.267789
0.337673
0.478911
0.297091
0.225653
0.345982
0.832625
0.585816
0.559054
0.55152
0.306747
0.469482
0.357857
0.393662
0.254124
0.605706
0.10272
0.782081
0.463211
0.842682
0.320038
0.515283
0.485693
0.521892
0.274925
0.460733
0.463338
0.632025
0.445371
0.669419
0.37631
0.520873
0.517409
0.720884
0.108955
0.313046
0.875805
0.436866
0.480099
0.497749
0.787282
0.225486
0.22963
0.750297
0.783702
0.653268
0.521861
0.924448
0.297185
0.515075
0.165376
0.409372
0.100272
0.579793
0.743441
0.33446
0.178179
0.188017
0.576303
0.312864
0.558585
0.537566
0.601576
0.801368
0.483479
0.143063
0.30414
0.57343
0.753665
0.781206
0.778076
0.44133
0.550208
0.759721
0.752553
0.467063
0.383154
0.596456
0.549558
0.743834
0.29133
0.345204
0.0961709
0.634934
0.678763
0.671198
0.55693
0.216018
0.378049
0.565632
0.690461
0.666612
0.594111
0.281527
0.533329
0.852659
0.638642
0.0540144
0.362115
0.252923
0.73387
0.598434
0.244749
0.504322
0.508819
0.411837
0.674093
0.774311
0.547649
0.653762
0.404877
0.48743
0.841402
0.600389
0.634967
0.590021
0.295048
0.682261
0.301303
0.379296
0.679949
0.545498
0.420795
0.528239
0.475911
0.81478
0.640623
0.493033
0.820159
0.470678
0.865933
0.824058
0.778238
0.338931
0.272578
0.434963
0.321089
0.292326
0.197065
0.588904
0.738134
0.682169
0.449641
0.682124
0.585617
0.225167
0.667785
0.603213
0.589679
0.340095
0.299839
0.773023
0.255766
0.538016
0.524401
0.547726
0.292114
0.564153
0.376239
0.503102
0.19486
0.265941
0.814245
0.687401
0.242881
0.666883
0.396195
0.390494
0.67596
0.708308
0.171572
0.0718491
0.294008
0.705177
0.53542
0.764282
0.926545
0.492222
0.749832
0.745314
0.475769
0.478357
0.70237
0.674558
0.628753
0.622805
0.653276
0.807188
0.40697
0.451862
0.507479
0.515912
0.610263
0.78389
0.336379
0.151032
0.472086
0.653478
0.595253
0.211084
0.358391
0.463705
0.2626
0.310588
0.722805
0.500227
0.313772
0.154697
0.563745
0.285719
0.185722
0.380568
0.288286
0.711439
0.84433
0.676579
0.470154
0.827174
0.484669
0.687163
0.509304
0.435007
0.476393
0.398485
0.711025
0.490084
0.705274
0.715759
0.149946
0.14494
0.300467
0.484899
0.602505
0.676264
0.708649
0.495931
0.634761
0.58672
0.386568
0.500793
0.362137
0.565437
0.681287
0.639084
0.351994
0.304582
0.571369
0.717793
0.339383
0.658793
0.372721
0.751707
0.621045
0.324318
0.0822188
0.827179
0.363318
0.736141
0.554545
0.555687
0.589118
0.742693
0.0408304
0.545801
0.48641
0.851411
0.640473
0.583434
0.461093
0.614758
0.563985
0.209933
0.0603966
0.273632
0.241179
0.544916
0.505042
0.426803
0.30072
0.495221
0.545858
0.542487
0.383453
0.346076
0.16299
0.426736
0.397897
0.376073
0.703585
0.804497
0.636708
0.299849
0.499464
0.517997
0.885226
0.643188
0.661987
0.326383
0.670412
0.481261
0.0952541
0.763508
0.442913
0.566861
0.709928
0.570841
0.569641
0.731231
0.476467
0.618442
0.475274
0.423579
0.467031
0.702556
0.316752
0.764196
0.807672
0.770883
0.515776
0.754866
0.323246
0.320922
0.496334
0.410015
0.675738
0.734339
0.618935
0.423841
0.396738
0.0797243
0.196288
0.618353
0.954316
0.817217
0.246676
0.336072
0.615905
0.185235
0.382778
0.44517
0.51842
0.436243
0.127946
0.160317
0.3516
0.81566
0.729227
0.115568
0.613708
0.134347
0.629652
0.549603
0.52821
0.32866
0.331184
0.32035
0.443099
0.902074
0.514393
0.694053
0.36805
0.745335
0.666319
0.549726
0.449989
0.225947
0.371921
0.741326
0.476185
0.340005
0.653301
0.280932
0.579389
0.15215
0.221815
0.796621
0.801809
0.436002
0.123456
0.422646
0.819041
0.840973
0.45176
0.753375
0.80219
0.312569
0.466374
0.381733
0.538382
0.593821
0.20645
0.874676
0.381237
0.742019
0.460271
0.892639
0.649446
0.621194
0.194381
0.345459
0.483339
0.146789
0.498708
0.280771
0.681635
0.315576
0.586944
0.457393
0.255759
0.198831
0.515963
0.416889
0.601735
0.669138
0.706547
0.0653755
0.893225
0.538645
0.15604
0.467115
0.556629
0.71245
0.380404
0.670665
0.642616
0.629169
0.754997
0.38173
0.846294
0.566487
0.0489096
0.489097
0.285831
0.757818
0.792865
0.156842
0.607524
0.362018
0.648061
0.624097
0.672508
0.452693
0.0733114
0.634238
0.583463
0.599064
0.259307
0.0779289
0.58025
0.405228
0.456647
0.202373
0.925103
0.529138
0.804504
0.568566
0.615406
0.457969
0.67777
0.790244
0.759437
0.433033
0.182414
0.430384
0.544611
0.109279
0.584236
0.472527
0.341454
0.824119
0.616907
0.219813
0.694433
0.615294
0.568371
0.496726
0.569572
0.183832
0.651008
0.332567
0.47925
0.378816
0.138023
0.670441
0.774916
0.819742
0.174213
0.284147
0.612481
0.400486
0.67015
0.687681
0.355989
0.172861
0.568498
0.451303
0.545438
0.329059
0.854433
0.3522
0.556562
0.648989
0.648044
0.194569
0.244663
0.77225
0.485504
0.593084
0.34997
0.540487
0.166214
0.610164
0.496573
0.488153
0.590225
0.676171
0.100052
0.529778
0.107503
0.735996
0.376494
0.132281
0.472021
0.699382
0.877358
0.59794
0.725459
0.128955
0.827554
0.510437
0.421122
0.0870344
0.679362
0.306506
0.342953
0.600721
0.112525
0.677044
0.565865
0.694903
0.78775
0.124781
0.71584
0.22026
0.198059
0.283027
0.436597
0.322778
0.18715
0.622238
0.705352
0.606306
0.276018
0.242323
0.61937
0.742058
0.672947
0.86558
0.688321
0.67469
0.677684
0.834471
0.460927
0.684017
0.635294
0.180599
0.401387
0.0859462
0.632929
0.43753
0.33599
0.868149
0.551828
0.58781
0.674058
0.68871
0.266408
0.364726
0.547211
0.135275
0.704647
0.462125
0.71966
0.624584
0.746977
0.79587
0.808886
0.458102
0.54816
0.423848
0.728947
0.352161
0.519734
0.300413
0.127096
0.39515
0.373111
0.662378
0.139513
0.356211
0.304193
0.721831
0.448693
0.5218
0.738169
0.133561
0.563649
0.247316
0.553618
0.882789
0.493195
0.332167
0.333368
0.6147
0.51255
0.837898
0.515559
0.351978
0.357174
0.408821
0.640551
0.52066
0.294642
0.562227
0.772206
0.591241
0.724777
0.797538
0.66515
0.74187
0.63526
0.234585
0.318848
0.533474
0.332078
0.5536
0.235442
0.732783
0.584519
0.629543
0.718522
0.44952
0.516896
0.37012
0.383513
0.677998
0.504431
0.675546
0.780231
0.424517
0.470935
0.105642
0.44912
0.481341
0.513176
0.680484
0.0577708
0.789661
0.344283
0.319267
0.362894
0.678843
0.783007
0.557759
0.527653
0.644079
0.597076
0.539477
0.491039
0.376181
0.137772
0.656758
0.357735
0.883743
0.507397
0.377353
0.321895
0.756439
0.849244
0.115808
0.915956
0.169167
0.422465
0.431782
0.0798757
0.557936
0.360303
0.657064
0.6646
0.929062
0.179966
0.555837
0.673276
0.429424
0.440529
0.499939
0.422864
0.859181
0.399047
0.596877
0.545646
0.0446135
0.645825
0.345442
0.722169
0.664939
0.0579218
0.836491
0.56301
0.352625
0.677731
0.110039
0.524797
0.48901
0.378425
0.715744
0.669531
0.602676
0.470837
0.534481
0.738938
0.35002
0.563274
0.210041
0.626418
0.727007
0.491327
0.111564
0.767788
0.596608
0.500749
0.615461
0.351987
0.81694
0.0703012
0.901273
0.647804
0.200941
0.61152
0.478658
0.358215
0.335908
0.557331
0.675843
0.136945
0.145163
0.749126
0.27435
0.396327
0.682646
0.209823
0.671403
0.827812
0.53146
0.242003
0.411431
0.427842
0.571058
0.378377
0.727186
0.133617
0.679762
0.545128
0.0454905
0.945707
0.375072
0.713574
0.337805
0.112775
0.171437
0.607319
0.941242
0.375819
0.144106
0.523889
0.2871
0.587886
0.405511
0.753298
0.535988
0.795419
0.62273
0.417131
0.231378
0.410718
0.725519
0.679033
0.65059
0.178963
0.712813
0.585473
0.80983
0.489921
0.429165
0.332096
0.714985
0.785033
0.329724
0.732542
0.769083
0.584146
0.704409
0.435417
0.427909
0.541348
0.659563
0.722675
0.47986
0.850778
0.649165
0.532836
0.576759
0.161222
0.551705
0.593232
0.21591
0.702935
0.640396
0.641402
0.576097
0.806805
0.901621
0.136095
0.697364
0.694758
0.407639
0.541942
0.700082
0.678733
0.285134
0.341016
0.906441
0.124936
0.461075
0.675283
0.554582
0.461413
0.571111
0.822686
0.44113
0.597585
0.531377
0.761593
0.0390095
0.353574
0.726074
0.736903
0.091071
0.364532
0.560554
0.542395
0.574094
0.378403
0.855975
0.669158
0.637287
0.919558
0.68431
0.931071
0.548266
0.633219
0.926868
0.70302
0.69904
0.658621
0.848294
0.766185
0.503587
0.549473
0.144824
0.62443
0.989611
0.446156
0.414972
0.659399
0.660365
0.125629
0.17958
0.195883
0.753666
0.603333
0.637087
0.764091
0.178096
0.768575
0.39858
0.467031
0.729221
0.660713
0.463854
0.633182
0.584011
0.293047
0.199049
0.260391
0.794405
0.579433
0.0811464
0.550767
0.430392
0.411096
0.590619
0.897106
0.434236
0.731069
0.874935
0.239498
0.520256
0.370912
0.570441
0.448054
0.437469
0.746266
0.595096
0.772907
0.178783
0.825869
0.458997
0.788822
0.302268
0.395806
0.464597
0.802667
0.743681
0.604289
0.505005
0.598899
0.499423
0.458511
0.35896
0.587729
0.461394
0.587229
0.589869
0.645238
0.715238
0.66364
0.375992
0.374015
0.633266
0.781015
0.541783
0.384127
0.213106
0.431948
0.501395
0.50924
0.465794
0.0841996
0.416877
0.695141
0.627815
0.722141
0.677075
0.321465
0.503239
0.363055
0.673885
0.662345
0.719933
0.358088
0.548441
0.328578
0.626726
0.496029
0.793909
0.674107
0.630553
0.254043
0.641559
0.506463
0.66133
0.630822
0.702043
0.329616
0.854971
0.146913
0.548928
0.797513
0.755158
0.19408
0.241752
0.591268
0.585667
0.597163
0.322325
0.891708
0.51805
0.702525
0.706321
0.854554
0.49861
0.47294
0.391722
0.569408
0.820403
0.34988
0.604036
0.370703
0.711087
0.457801
0.775156
0.754463
0.826677
0.81147
0.718571
0.337731
0.760764
0.76511
0.527788
0.704173
0.528422
0.644601
0.155844
0.218581
0.670878
0.530132
0.651427
0.421867
0.674807
0.516607
0.905855
0.528665
0.674611
0.669258
0.609262
0.47391
0.813551
0.826817
0.458259
0.399903
0.554212
0.154996
0.399222
0.816385
0.295189
0.462773
0.566519
0.381987
0.81486
0.233473
0.395579
0.596639
0.497247
0.0803953
0.546431
0.271009
0.711853
0.313086
0.837428
0.580774
0.218901
0.560487
0.612371
0.875213
0.701166
0.370611
0.759455
0.324947
0.60165
0.362529
0.909346
0.281937
0.0831676
0.171237
0.253772
0.626178
0.652586
0.416712
0.473445
0.194409
0.518205
0.800463
0.588891
0.645341
0.323049
0.747975
0.349027
0.653899
0.527682
0.38613
0.587676
0.246341
0.513743
0.408303
0.135311
0.655114
0.175252
0.53559
0.190539
0.379381
0.695038
0.553664
0.79196
0.635241
0.716033
0.903798
0.170863
0.594921
0.672368
0.616572
0.249104
0.615454
0.65659
0.423421
0.481161
0.475441
0.292818
0.166298
0.39086
0.35431
0.494797
0.592442
0.780411
0.432453
0.593847
0.747825
0.595966
0.754559
0.715641
0.42527
0.843927
0.812233
0.143259
0.532504
0.3117
0.208961
0.757782
0.620345
0.653005
0.145306
0.542732
0.639543
0.65104
0.169039
0.687263
0.552688
0.435465
0.569502
0.632999
0.531069
0.343938
0.717471
0.249006
0.468142
0.412235
0.570698
0.156535
0.422818
0.18747
0.756511
0.637825
0.629847
0.617035
0.572104
0.569442
0.643708
0.503643
0.449893
0.474522
0.915835
0.226082
0.366951
0.498751
0.443713
0.634207
0.728332
0.0361066
0.533456
0.662845
0.523244
0.153948
0.395612
0.0535391
0.331595
0.366531
0.568779
0.881392
0.0737912
0.813236
0.13631
0.58109
0.534548
0.712496
0.403143
0.480114
0.674235
0.536746
0.740152
0.961376
0.640459
0.326344
0.505746
0.575747
0.722605
0.172087
0.491934
0.534919
0.252834
0.403603
0.539056
0.58166
0.302664
0.482719
0.605025
0.0577406
0.708266
0.375018
0.402322
0.740398
0.701071
0.627427
0.502914
0.355715
0.630942
0.858236
0.430556
0.186976
0.176987
0.75148
0.590421
0.489684
0.41138
0.801978
0.695192
0.921892
0.268699
0.145161
0.762629
0.772327
0.549988
0.776117
0.282581
0.596656
0.540381
0.641704
0.296545
0.67343
0.708175
0.779816
0.496163
0.516911
0.768952
0.300806
0.719062
0.569619
0.879228
0.641095
0.347892
0.578318
0.82211
0.629162
0.364961
0.832045
0.289291
0.535989
0.0587905
0.481982
0.640662
0.830831
0.772649
0.913793
0.773349
0.594695
0.586543
0.0650909
0.247621
0.372456
0.101193
0.799301
0.364967
0.225656
0.05411
0.714654
0.7779
0.318497
0.236759
0.591551
0.704249
0.692854
0.553742
0.639158
0.549738
0.64308
0.272378
0.495829
0.403049
0.565366
0.196353
0.404626
0.128328
0.0721253
0.475053
0.856551
0.234453
0.778979
0.572987
0.261266
0.810373
0.721158
0.409235
0.135581
0.666266
0.66601
0.738741
0.312305
0.503334
0.457762
0.214129
0.644484
0.426171
0.554088
0.583024
0.733779
0.232591
0.548957
0.733324
0.496995
0.0239878
0.563745
0.776245
0.567174
0.612804
0.482193
0.869729
0.795973
0.463128
0.679498
0.631308
0.843457
0.639465
0.382935
0.427706
0.473223
0.854705
0.558162
0.309868
0.397488
0.0813173
0.288134
0.657737
0.839513
0.617369
0.279823
0.628569
0.593205
0.700435
0.117397
0.848839
0.6189
0.19309
0.601842
0.741549
0.508333
0.137885
0.575225
0.390796
0.394218
0.293232
0.608329
0.764156
0.34311
0.526775
0.714392
0.250877
0.613683
0.391152
0.564676
0.730901
0.839393
0.786941
0.721675
0.205542
0.352214
0.554008
0.317083
0.385192
0.90497
0.253278
0.25986
0.126013
0.714203
0.7108
0.845478
0.331245
0.529489
0.181941
0.611616
0.357053
0.723868
0.642865
0.402384
0.541158
0.740118
0.308567
0.236021
0.779777
0.485297
0.537235
0.371741
0.790186
0.0882146
0.595593
0.582757
0.346443
0.476939
0.397249
0.768074
0.369906
0.611953
0.362025
0.689316
0.437655
0.676086
0.57716
0.458182
0.962221
0.70214
0.608196
0.641094
0.425214
0.423081
0.659171
0.76464
0.852182
0.535879
0.823123
0.35249
0.731243
0.480132
0.210327
0.497715
0.394325
0.755399
0.715461
0.349358
0.360697
0.205202
0.627406
0.613265
0.685021
0.201572
0.0807578
0.402224
0.458853
0.472223
0.694314
0.552475
0.21312
0.531139
0.654653
0.241527
0.175448
0.562167
0.71599
0.603873
0.837277
0.727412
0.5506
0.0649764
0.729249
0.598596
0.407578
0.584641
0.402673
0.32923
0.546674
0.332217
0.590886
0.144454
0.275547
0.423167
0.574357
0.681842
0.618391
0.0801472
0.238776
0.613264
0.709923
0.775342
0.61479
0.160231
0.457945
0.616575
0.347713
0.264117
0.437577
0.374709
0.712814
0.484114
0.798906
0.802096
0.13833
0.599257
0.498565
0.830397
0.612795
0.667557
0.466072
0.703946
0.502607
0.768195
0.52577
0.272364
0.325711
0.233926
0.587574
0.662062
0.131324
0.526561
0.249213
0.399663
0.26412
0.562752
0.436929
0.262675
0.226779
0.0822807
0.661249
0.514624
0.256807
0.716025
0.659043
0.618146
0.177089
0.628428
0.529211
0.554546
0.78538
0.204777
0.748529
0.567452
0.531152
0.51255
0.574488
0.602596
0.285605
0.246975
0.314183
0.602945
0.756126
0.280372
0.609645
0.728729
0.95863
0.807902
0.415074
0.282088
0.677573
0.653361
0.494589
0.923396
0.289091
0.288854
0.464173
0.496323
0.494868
0.180148
0.128981
0.567362
0.340402
0.371359
0.489581
0.718728
0.558248
0.554907
0.770094
0.687797
0.170317
0.450106
0.566773
0.579297
0.85826
0.747261
0.405806
0.15393
0.839372
0.767505
0.209883
0.788807
0.473048
0.274246
0.148859
0.664545
0.274186
0.6675
0.637033
0.832207
0.439819
0.49238
0.451501
0.520933
0.629895
0.608626
0.535283
0.295331
0.573493
0.438978
0.0458695
0.698838
0.533969
0.242143
0.53878
0.41647
0.29466
0.77162
0.637659
0.596999
0.492476
0.637492
0.437327
0.492958
0.0529984
0.517463
0.0954922
0.647705
0.0771857
0.587936
0.552877
0.386413
0.681667
0.335521
0.849565
0.701053
0.746529
0.595401
0.68412
0.635944
0.282345
0.657577
0.391031
0.390809
0.748297
0.324823
0.639836
0.814341
0.839147
0.794843
0.481939
0.601312
0.749713
0.459324
0.637094
0.685965
0.441601
0.502465
0.0820731
0.734839
0.775932
0.72706
0.163111
0.19299
0.715088
0.494204
0.335885
0.314105
0.779972
0.501652
0.555914
0.258975
0.785818
0.670353
0.211972
0.717176
0.26566
0.456902
0.851552
0.635473
0.534302
0.516144
0.547471
0.180344
0.487681
0.304175
0.664968
0.883962
0.309942
0.17885
0.426998
0.241265
0.563651
0.38619
0.721384
0.709336
0.277806
0.612683
0.695856
0.464405
0.637439
0.778696
0.103402
0.73724
0.560306
0.673247
0.385808
0.510514
0.229016
0.43853
0.233586
0.371706
0.238037
0.47488
0.514894
0.575434
0.426586
0.548418
0.705545
0.0394199
0.340837
0.420455
0.523145
0.576682
0.595471
0.171695
0.768639
0.666391
0.525802
0.478414
0.7677
0.706028
0.897839
0.7145
0.830095
0.279934
0.579728
0.510186
0.369574
0.67397
0.496087
0.337667
0.585392
0.117473
0.106114
0.53446
0.293547
0.490677
0.621568
0.435465
0.508803
0.427392
0.49628
0.710743
0.795718
0.482211
0.658536
0.326597
0.299793
0.647418
0.496012
0.798771
0.360981
0.508465
0.443723
0.664539
0.218804
0.525891
0.535979
0.796566
0.261356
0.637552
0.673815
0.636911
0.547678
0.628062
0.420992
0.661257
0.555647
0.765292
0.297655
0.525364
0.785022
0.887307
0.688864
0.730627
0.419274
0.880946
0.541032
0.917142
0.466953
0.323806
0.843351
0.260137
0.968444
0.370797
0.210437
0.458762
0.484727
0.946807
0.609071
0.493211
0.434338
0.543504
0.318546
0.53996
0.521942
0.41088
0.307535
0.540362
0.800158
0.372449
0.811863
0.666951
0.418247
0.474363
0.708699
0.259429
0.730059
0.651997
0.453452
0.665986
0.39988
0.737834
0.203724
0.44468
0.381725
0.65589
0.374628
0.490423
0.351639
0.314198
0.651863
0.676077
0.118026
0.229806
0.291174
0.261395
0.444203
0.0136576
0.611531
0.303409
0.84138
0.781363
0.574257
0.676374
0.672796
0.381068
0.445062
0.313709
0.798059
0.701349
0.234061
0.0488492
0.619332
0.311545
0.603571
0.597611
0.280714
0.315709
0.676645
0.519512
0.699354
0.125325
0.859567
0.296573
0.818991
0.513427
0.472558
0.255647
0.339203
0.612899
0.159131
0.420459
0.456981
0.206188
0.497437
0.585194
0.619958
0.820928
0.578414
0.81935
0.630878
0.548829
0.658657
0.392214
0.467083
0.680753
0.562015
0.323206
0.827529
0.397371
0.405307
0.943631
0.398025
0.231992
0.490241
0.344789
0.541608
0.567906
0.428635
0.714127
0.672942
0.410734
0.568901
0.386004
0.148106
0.554344
0.575447
0.0624394
0.343527
0.729364
0.562424
0.0442789
0.380943
0.248405
0.188285
0.406359
0.190538
0.459643
0.477461
0.708001
0.345572
0.295481
0.721291
0.528215
0.6672
0.564919
0.730357
0.765364
0.291068
0.538471
0.439263
0.779339
0.278939
0.646173
0.302425
0.562252
0.63258
0.333452
0.0394663
0.774086
0.497893
0.551933
0.484653
0.358566
0.465328
0.497259
0.294173
0.386264
0.297477
0.194669
0.496328
0.47474
0.0416969
0.416627
0.433647
0.762768
0.59581
0.378596
0.858795
0.791729
0.515201
0.190772
0.62276
0.452614
0.421305
0.570422
0.611082
0.64733
0.831741
0.363559
0.420947
0.557858
0.533225
0.685691
0.384509
0.466513
0.231384
0.70958
0.407033
0.603256
0.345844
0.472229
0.325902
0.595578
0.599968
0.34751
0.511089
0.0983632
0.86782
0.443826
0.700295
0.948335
0.0529595
0.644528
0.309812
0.0756852
0.233693
0.504612
0.108661
0.303232
0.238677
0.522067
0.772723
0.429899
0.287091
0.618389
0.444827
0.332926
0.496787
0.887634
0.495619
0.887339
0.893799
0.390893
0.617923
0.230074
0.501141
0.643678
0.626711
0.641463
0.512087
0.122924
0.526172
0.572635
0.5204
0.559159
0.76019
0.811347
0.652161
0.513636
0.62634
0.124661
0.20136
0.699947
0.808045
0.321481
0.253917
0.295937
0.567646
0.401119
0.87042
0.832185
0.224066
0.520967
0.775125
0.57404
0.643068
0.243199
0.639745
0.652474
0.563895
0.700393
0.495307
0.596955
0.760406
0.457306
0.22096
0.57961
0.447749
0.737059
0.923016
0.714078
0.803631
0.647748
0.157617
0.616855
0.448453
0.14806
0.438019
0.501208
0.724099
0.421615
0.1838
0.513923
0.649719
0.909428
0.0774915
0.537986
0.287621
0.461632
0.496683
0.591058
0.593088
0.692435
0.742726
0.611482
0.316073
0.22637
0.50007
0.80164
0.753496
0.481479
0.780354
0.160888
0.48878
0.528454
0.730451
0.224429
0.871908
0.384972
0.220697
0.486399
0.675344
0.536475
0.391062
0.55126
0.557306
0.348919
0.501244
0.550379
0.689461
0.413924
0.535411
0.800456
0.51942
0.623133
0.210494
0.454104
0.533584
0.383203
0.604683
0.326888
0.77427
0.796776
0.498462
0.804433
0.280268
0.231484
0.269346
0.472981
0.72052
0.843267
0.469759
0.0938886
0.494452
0.136915
0.723984
0.5758
0.203985
0.283786
0.592217
0.548399
0.318192
0.522965
0.774765
0.512415
0.55164
0.526471
0.57749
0.684292
0.460778
0.0908694
0.5285
0.731561
0.394355
0.705259
0.586291
0.480042
0.278356
0.709204
0.367976
0.0941355
0.951549
0.665343
0.82225
0.209496
0.886887
0.775313
0.0828908
0.341368
0.735291
0.600801
0.427265
0.771268
0.354598
0.411825
0.229464
0.355666
0.404908
0.665004
0.279809
0.570686
0.218571
0.554667
0.376632
0.0973723
0.610827
0.678998
0.394639
0.647436
0.725714
0.252704
0.182159
0.755666
0.513376
0.517473
0.756095
0.714137
0.162051
0.383681
0.190146
0.591028
0.383187
0.3438
0.51252
0.533911
0.291986
0.251649
0.31654
0.728782
0.280872
0.545993
0.690863
0.595776
0.714128
0.418061
0.419614
0.0821485
0.662673
0.14342
0.735585
0.592746
0.591299
0.758916
0.163294
0.555301
0.802202
0.372319
0.772786
0.704707
0.382147
0.476112
0.746517
0.299908
0.427871
0.657041
0.921296
0.528451
0.484389
0.772952
0.604627
0.56122
0.755504
0.316299
0.265711
0.552813
0.69996
0.492428
0.808975
0.474772
0.719432
0.358203
0.600591
0.302661
0.326698
0.38847
0.313632
0.566597
0.293724
0.4906
0.232016
0.565974
0.621917
0.728864
0.37264
0.235317
0.83266
0.508596
0.814695
0.40443
0.637404
0.460408
0.433955
0.602637
0.0358524
0.469158
0.520533
0.71333
0.553821
0.606921
0.504257
0.437335
0.2924
0.262034
0.769939
0.867179
0.641241
0.801931
0.441361
0.834528
0.0700545
0.194672
0.364637
0.667744
0.721617
0.513831
0.547646
0.834692
0.289377
0.195282
0.487718
0.491203
0.446685
0.681642
0.570699
0.41437
0.482469
0.739237
0.845342
0.477218
0.604485
0.372476
0.194152
0.564332
0.119279
0.578145
0.440195
0.602241
0.775267
0.705342
0.470363
0.645208
0.560939
0.600298
0.752995
0.150382
0.503307
0.230233
0.592443
0.402129
0.49212
0.622908
0.347774
0.52489
0.82502
0.446392
0.578479
0.799419
0.641326
0.503368
0.684138
0.617322
0.156433
0.492937
0.626191
0.706189
0.187833
0.817891
0.381416
0.843022
0.495023
0.628538
0.8331
0.519215
0.609569
0.668653
0.195314
0.820258
0.546035
0.74217
0.785296
0.428465
0.632187
0.332415
0.0958089
0.719866
0.940418
0.122788
0.74597
0.169028
0.465463
0.282933
0.605644
0.349011
0.432273
0.492485
0.507572
0.167735
0.329216
0.616972
0.411836
0.633461
0.742045
0.591169
0.537774
0.664181
0.842916
0.69592
0.756577
0.786898
0.175904
0.459931
0.161184
0.219546
0.1509
0.236615
0.362058
0.0384561
0.699547
0.793043
0.614286
0.785455
0.464044
0.290724
0.364819
0.313355
0.732138
0.67817
0.565183
0.031826
0.193384
0.517476
0.739967
0.439428
0.83232
0.400398
0.190232
0.158415
0.534865
0.501457
0.551993
0.566195
0.703791
0.653799
0.396753
0.289695
0.459784
0.623629
0.428049
0.676451
0.157529
0.237782
0.83217
0.546674
0.487242
0.739738
0.733485
0.116489
0.559247
0.584167
0.714307
0.615497
0.268837
0.198765
0.390891
0.630803
0.365887
0.300163
0.365579
0.27215
0.277421
0.367262
0.29671
0.733012
0.683879
0.600636
0.724083
0.663796
0.37284
0.446786
0.327284
0.904858
0.417801
0.841035
0.746915
0.278718
0.161202
0.79539
0.520747
0.426049
0.202037
0.309067
0.638538
0.442724
0.280691
0.329941
0.353064
0.515978
0.653126
0.537024
0.932346
0.768342
0.594248
0.0932374
0.479428
0.700289
0.14901
0.719689
0.265798
0.671054
0.934177
0.389439
0.634103
0.756721
0.315196
0.868775
0.236464
0.649812
0.947991
0.383412
0.385905
0.403328
0.413589
0.201343
0.753957
0.410305
0.441667
0.764551
0.446403
0.248718
0.474262
0.150112
0.548749
0.480919
0.86456
0.561663
0.186625
0.465776
0.218509
0.142962
0.428954
0.184686
0.529976
0.733571
0.519412
0.855398
0.284285
0.15502
0.246365
0.28292
0.622982
0.243995
0.338954
0.595903
0.553603
0.364544
0.970227
0.510358
0.630121
0.0725345
0.406533
0.515001
0.814839
0.129065
0.718636
0.162966
0.72312
0.740733
0.437784
0.610562
0.50185
0.258026
0.379929
0.502635
0.375237
0.693405
0.838134
0.225289
0.347296
0.857132
0.670905
0.888973
0.312799
0.0298557
0.355449
0.614947
0.53683
0.514971
0.434532
0.804621
0.134788
0.461118
0.58402
0.450549
0.653163
0.748304
0.502655
0.425891
0.544955
0.635698
0.529036
0.640721
0.39122
0.386757
0.351456
0.623059
0.185543
0.26704
0.40395
0.0746439
0.618207
0.63965
0.299155
0.700978
0.438241
0.362833
0.366721
0.112747
0.272949
0.854494
0.796359
0.730285
0.402823
0.51823
0.536643
0.427788
0.159159
0.318828
0.654495
0.420024
0.412233
0.872705
0.319503
0.481695
0.358683
0.451069
0.570046
0.362051
0.559078
0.244038
0.0166999
0.298206
0.486942
0.359479
0.307836
0.657363
0.463659
0.0560216
0.471461
0.217501
0.126874
0.513085
0.638848
0.182135
0.463101
0.47149
0.425569
0.328673
0.450705
0.326207
0.154619
0.878742
0.407428
0.476546
0.665249
0.306619
0.513434
0.424341
0.759038
0.867407
0.416816
0.700219
0.671452
0.47367
0.338043
0.597927
0.618735
0.36502
0.591143
0.893968
0.39815
0.547509
0.766255
0.0410642
0.298041
0.0547816
0.574359
0.385478
0.105985
0.420792
0.0743467
0.295533
0.421133
0.545366
0.463201
0.164015
0.565708
0.579041
0.515813
0.567884
0.473395
0.143001
0.284802
0.574148
0.702121
0.13182
0.46762
0.43848
0.546761
0.130486
0.433755
0.420326
0.180538
0.393061
0.556069
0.380801
0.898498
0.384577
0.504828
0.566486
0.680086
0.502027
0.465662
0.332259
0.730855
0.500441
0.605231
0.256558
0.668252
0.280902
0.592093
0.388624
0.856835
0.242343
0.422849
0.597874
0.506842
0.359756
0.0997506
0.409238
0.249621
0.370687
0.443777
0.384908
0.681718
0.157003
0.444241
0.249721
0.765705
0.197495
0.637255
0.374392
0.580183
0.398278
0.460148
0.31139
0.353334
0.368705
0.504059
0.629027
0.45549
0.30218
0.756918
0.494067
0.467957
0.0691715
0.516711
0.465734
0.426114
0.340518
0.80822
0.480133
0.743168
0.63776
0.63159
0.385502
0.742254
0.331401
0.534933
0.304984
0.382915
0.81986
0.552067
0.169654
0.277479
0.757183
0.258626
0.556755
0.670699
0.217247
0.129412
0.287172
0.764627
0.470616
0.283029
0.470907
0.896023
0.151817
0.303477
0.541126
0.854417
0.453207
0.505898
0.467852
0.602218
0.352276
0.159996
0.458395
0.891754
0.412076
0.753524
0.858718
0.584709
0.356327
0.394451
0.57441
0.173104
0.314812
0.618037
0.588527
0.780438
0.327557
0.593098
0.476027
0.227516
0.0619604
0.0649562
0.478162
0.552546
0.194227
0.713142
0.587903
0.659105
0.799466
0.315848
0.436309
0.37303
0.181779
0.567337
0.12242
0.360276
0.487097
0.621896
0.181079
0.750318
0.94196
0.611812
0.408648
0.350535
0.56473
0.0565296
0.384824
0.844207
0.746084
0.815445
0.104691
0.465934
0.497361
0.183848
0.461821
0.453366
0.526871
0.427397
0.876695
0.754679
0.918413
0.369761
0.436594
0.524632
0.573487
0.469863
0.841342
0.655087
0.217189
0.140111
0.747525
0.205168
0.140325
0.312004
0.406219
0.561612
0.592198
0.438734
0.264911
0.661455
0.739447
0.693635
0.622286
0.505154
0.542753
0.66763
0.463568
0.500884
0.588691
0.923116
0.637379
0.161058
0.241818
0.703217
0.165437
0.603037
0.562976
0.123606
0.803968
0.417593
0.211479
0.698279
0.581547
0.343659
0.684217
0.462198
0.321872
0.649326
0.239144
0.632844
0.65028
0.464501
0.410125
0.442522
0.603126
0.616021
0.479069
0.317059
0.614442
0.600703
0.274943
0.159312
0.355214
0.150132
0.880369
0.333953
0.327494
0.285394
0.887888
0.294888
0.31431
0.133942
0.396924
0.455901
0.205895
0.432567
0.505534
0.520162
0.278372
0.292028
0.344734
0.262732
0.540959
0.154496
0.145882
0.542082
0.557936
0.633707
0.605674
0.168501
0.405938
0.346065
0.548143
0.564202
0.749059
0.403536
0.25313
0.659881
0.474078
0.45486
0.596177
0.169734
0.197881
0.644336
0.869598
0.359417
0.893683
0.609511
0.291125
0.33141
0.167829
0.44818
0.940225
0.505386
0.892734
0.732968
0.446609
0.563837
0.369475
0.423092
0.335108
0.509118
0.779847
0.570285
0.223143
0.230726
0.64581
0.237713
0.124574
0.64647
0.409005
0.200006
0.910147
0.356945
0.417551
0.539326
0.299598
0.551109
0.0457802
0.108604
0.181802
0.314917
0.441825
0.749314
0.641324
0.711337
0.725626
0.0566828
0.549041
0.351403
0.305477
0.45786
0.890462
0.415826
0.885262
0.524031
0.454919
0.647943
0.934872
0.653182
0.120678
0.519539
0.714173
0.335022
0.111018
0.817368
0.432775
0.129389
0.340746
0.787298
0.419628
0.654731
0.112864
0.876631
0.825549
0.373456
0.246505
0.485994
0.739734
0.633764
0.519315
0.380339
0.750934
0.805962
0.658146
0.783337
0.415197
0.839587
0.669407
0.573645
0.231924
0.240923
0.252249
0.27578
0.521803
0.502398
0.737093
0.0526789
0.621772
0.464022
0.879077
0.412701
0.302618
0.402058
0.321634
0.669936
0.375259
0.44225
0.870283
0.544824
0.657125
0.408574
0.880709
0.273345
0.679338
0.540381
0.632055
0.687979
0.412543
0.197161
0.340064
0.317622
0.523383
0.735872
0.333892
0.49809
0.810068
0.911614
0.0955004
0.211463
0.570009
0.775362
0.525693
0.399646
0.578641
0.269515
0.414461
0.272498
0.354186
0.565801
0.36237
0.634954
0.914031
0.600086
0.360628
0.754371
0.331964
0.648877
0.480565
0.419473
0.144628
0.737721
0.548634
0.667311
0.663611
0.68022
0.569825
0.402137
0.364164
0.55417
0.0324621
0.422508
0.622198
0.136862
0.276948
0.309805
0.0784468
0.173689
0.372741
0.346344
0.729279
0.353302
0.766651
0.327664
0.454439
0.775337
0.493556
0.547089
0.675299
0.238636
0.436681
0.920254
0.891727
0.808748
0.382105
0.120917
0.159164
0.559397
0.233324
0.548095
0.191521
0.150201
0.86331
0.158609
0.153147
0.553088
0.248014
0.608725
0.329339
0.296891
0.257168
0.731877
0.706427
0.363808
0.27681
0.210814
0.28884
0.265597
0.229085
0.788965
0.434247
0.470402
0.167196
0.488378
0.14578
0.222106
0.323399
0.378654
0.468917
0.653408
0.324057
0.745452
0.8657
0.377612
0.430019
0.174669
0.506877
0.477275
0.433807
0.611597
0.556815
0.407843
0.257605
0.689404
0.0980364
0.349578
0.437753
0.483691
0.456236
0.232343
0.892142
0.832192
0.512742
0.247
0.607974
0.0649496
0.525915
0.642522
0.250157
0.62842
0.723111
0.605729
0.625147
0.769185
0.252279
0.627012
0.260783
0.332466
0.396027
0.541829
0.585892
0.687053
0.762844
0.594831
0.516356
0.45792
0.488319
0.642851
0.619537
0.809712
0.857047
0.905972
0.131057
0.13005
0.0660651
0.482553
0.121476
0.906136
0.629068
0.439225
0.500921
0.723581
0.273716
0.262718
0.623715
0.847788
0.221713
0.203354
0.42422
0.726877
0.771546
0.657316
0.351305
0.232168
0.481157
0.447288
0.381834
0.144538
0.858253
0.239329
0.687945
0.518618
0.456148
0.784983
0.683674
0.34246
0.278497
0.372257
0.36274
0.666744
0.302196
0.827098
0.731506
0.863159
0.29686
0.0541183
0.640869
0.492172
0.390601
0.133429
0.60197
0.432909
0.434886
0.418411
0.275082
0.641417
0.140181
0.432744
0.573701
0.670078
0.704292
0.421126
0.413642
0.553699
0.87722
0.165218
0.275647
0.263647
0.84383
0.645852
0.33835
0.570174
0.310401
0.173439
0.864037
0.506445
0.661957
0.0402642
0.569333
0.583981
0.57659
0.820509
0.450778
0.561511
0.544112
0.205209
0.927151
0.0333643
0.428246
0.594533
0.162443
0.913954
0.770085
0.375908
0.742489
0.277328
0.0275031
0.444948
0.299793
0.500731
0.137442
0.710667
0.258672
0.699906
0.130112
0.19994
0.405923
0.459501
0.159636
0.661852
0.108419
0.520345
0.497768
0.72064
0.157573
0.291325
0.938848
0.256869
0.340606
0.451201
0.800781
0.849416
0.408638
0.662493
0.523842
0.232169
0.55015
0.36123
0.566351
0.388053
0.347012
0.924411
0.524601
0.747081
0.622711
0.431663
0.615548
0.406357
0.205714
0.458331
0.461421
0.079166
0.84283
0.231478
0.787981
0.0803665
0.586054
0.381074
0.733428
0.23428
0.287078
0.250633
0.429353
0.193107
0.123126
0.113225
0.0726695
0.407762
0.366908
0.752519
0.410354
0.618871
0.185177
0.151223
0.877644
0.545314
0.394415
0.639038
0.252416
0.456401
0.373677
0.230134
0.645869
0.354642
0.370449
0.688567
0.170084
0.170761
0.118673
0.322801
0.346245
0.224762
0.755635
0.909963
0.32091
0.0932597
0.0749534
0.659742
0.258856
0.845552
0.437817
0.0628661
0.474487
0.719248
0.372372
0.90933
0.210249
0.232082
0.320377
0.373207
0.282091
0.292406
0.599884
0.441251
0.556202
0.416271
0.214564
0.575642
0.552558
0.382361
0.399049
0.379832
0.177395
0.468428
0.533562
0.128981
0.626343
0.62073
0.558824
0.263136
0.205219
0.427478
0.708696
0.563545
0.376164
0.12436
0.655695
0.50046
0.78454
0.189025
0.32848
0.348897
0.435942
0.773316
0.479723
0.814051
0.296351
0.103191
0.430934
0.622424
0.337554
0.539599
0.487877
0.18402
0.593236
0.679295
0.569697
0.302016
0.319569
0.456381
0.280897
0.103918
0.62865
0.666834
0.332816
0.304143
0.924023
0.693279
0.190428
0.598783
0.492247
0.00441118
0.703673
0.0911485
0.537771
0.575806
0.672671
0.243717
0.539044
0.530642
0.328527
0.347036
0.176735
0.134703
0.184185
0.488249
0.712796
0.897581
0.128429
0.316143
0.469211
0.580552
0.544653
0.359022
0.358329
0.608977
0.79714
0.369578
0.11139
0.348631
0.688259
0.644065
0.885611
0.631732
0.374089
0.284823
0.291049
0.59347
0.627354
0.260392
0.332372
0.484484
0.598587
0.716161
0.378097
0.0639882
0.464501
0.438323
0.840681
0.60483
0.79249
0.152763
0.946554
0.55327
0.435691
0.513951
0.220676
0.531401
0.232792
0.28975
0.627166
0.557943
0.621129
0.953341
0.750216
0.556374
0.736973
0.342451
0.453923
0.303794
0.406319
0.784068
0.277792
0.360153
0.697903
0.652034
0.917555
0.388871
0.670417
0.297687
0.23103
0.378061
0.129393
0.517738
0.164586
0.554758
0.717967
0.474148
0.0496838
0.295521
0.315827
0.0943968
0.498786
0.311021
0.520903
0.266485
0.846574
0.428992
0.896639
0.496794
0.500681
0.122016
0.160531
0.767569
0.433023
0.857397
0.704855
0.146349
0.870945
0.456962
0.261811
0.247387
0.156548
0.288241
0.442854
0.829479
0.489229
0.145479
0.372281
0.894358
0.265458
0.462458
0.930292
0.529325
0.439835
0.817225
0.502897
0.258588
0.401691
0.201161
0.442571
0.26407
0.791178
0.59099
0.393808
0.619974
0.278134
0.64825
0.613875
0.709939
0.157915
0.6434
0.439616
0.0651637
0.30721
0.449564
0.438021
0.145752
0.376103
0.470232
0.708073
0.236265
0.372127
0.374294
0.246225
0.664055
0.73528
0.5972
0.679738
0.73424
0.969181
0.882432
0.467691
0.536815
0.642099
0.240969
0.343684
0.539665
0.105608
0.760378
0.422403
0.495805
0.363239
0.209029
0.364272
0.317489
0.477044
0.746442
0.942596
0.898603
0.53559
0.190191
0.0609731
0.0825214
0.417544
0.739578
0.239107
0.248302
0.401366
0.211807
0.586392
0.8961
0.732414
0.419895
0.649554
0.395643
0.725914
0.25038
0.75653
0.648638
0.553286
0.365965
0.332586
0.561868
0.559252
0.736551
0.761207
0.320279
0.289842
0.697874
0.429509
0.619753
0.433969
0.85699
0.0705861
0.659332
0.655087
0.576411
0.776601
0.638754
0.186442
0.159908
0.73302
0.763597
0.551471
0.407851
0.212438
0.472521
0.260391
0.357586
0.453759
0.603722
0.283822
0.62592
0.321439
0.732587
0.222913
0.616154
0.207495
0.230372
0.461407
0.394012
0.75585
0.475553
0.711216
0.212601
0.0966512
0.517501
0.548815
0.947215
0.373106
0.386175
0.639308
0.662188
0.125815
0.731228
0.360879
0.233456
0.265759
0.176699
0.17068
0.416872
0.385681
0.879978
0.636835
0.536013
0.655508
0.835893
0.893423
0.838572
0.758898
0.563509
0.453731
0.336783
0.466009
0.299418
0.440214
0.504128
0.645626
0.627388
0.816787
0.456007
0.295672
0.44788
0.435073
0.439194
0.316462
0.582366
0.229957
0.59094
0.251228
0.445255
0.202963
0.232685
0.264151
0.363086
0.490965
0.387719
0.103164
0.0642388
0.402173
0.102736
0.116105
0.756185
0.230032
0.226204
0.850825
0.632682
0.718464
0.251725
0.864884
0.451277
0.218949
0.702496
0.453704
0.564117
0.278597
0.569373
0.61188
0.0466012
0.0720539
0.486987
0.403037
0.123696
0.271355
0.488078
0.523841
0.730493
0.544914
0.353746
0.429127
0.407701
0.694578
0.275807
0.610478
0.456451
0.809181
0.88981
0.282165
0.105733
0.407947
0.172807
0.909222
0.412797
0.528332
0.665322
0.932737
0.652052
0.740391
0.0426915
0.70285
0.747074
0.612148
0.725404
0.86173
0.83393
0.432982
0.439632
0.368473
0.865754
0.144719
0.542818
0.298575
0.250528
0.411865
0.160905
0.426948
0.176757
0.605257
0.71625
0.698136
0.15634
0.699816
0.495959
0.895367
0.0725449
0.647675
0.654588
0.159357
0.212522
0.237271
0.665393
0.288407
0.280483
0.865312
0.820153
0.734107
0.741985
0.428187
0.707176
0.0866387
0.391533
0.448479
0.509418
0.060677
0.891686
0.489647
0.331049
0.637495
0.931663
0.519989
0.388415
0.315798
0.856382
0.238668
0.255408
0.181238
0.308772
0.040181
0.178012
0.254957
0.0751284
0.451006
0.402733
0.607172
0.351826
0.413751
0.270469
0.0873052
0.478024
0.94641
0.41316
0.577675
0.547152
0.468623
0.584373
0.242154
0.61443
0.25788
0.313687
0.451836
0.298995
0.632804
0.376379
0.735996
0.462167
0.565362
0.387298
0.127185
0.835836
0.504408
0.756942
0.400027
0.734275
0.741367
0.534167
0.488886
0.166663
0.295054
0.231458
0.536902
0.59709
0.296933
0.578328
0.0706884
0.0349722
0.91215
0.656327
0.49597
0.204248
0.843338
0.577169
0.205481
0.586263
0.282428
0.363603
0.743609
0.907636
0.372759
0.520894
0.0973727
0.314373
0.869998
0.629057
0.451527
0.864552
0.173201
0.911375
0.431015
0.303164
0.94908
0.452994
0.250092
0.737133
0.263714
0.589296
0.0376794
0.364006
0.353875
0.512452
0.929625
0.906526
0.870524
0.538525
0.252958
0.594214
0.274181
0.627712
0.133092
0.431652
0.221907
0.48633
0.398123
0.942931
0.169386
0.284649
0.500011
0.310203
0.584705
0.889616
0.790781
0.148834
0.809681
0.281411
0.816368
0.352255
0.753664
0.400945
0.666435
0.452332
0.525565
0.777991
0.38288
0.330009
0.370806
0.958712
0.601688
0.636836
0.46572
0.355611
0.762746
0.79673
0.416351
0.141209
0.0806643
0.060576
0.529929
0.69232
0.394949
0.342873
0.74111
0.739464
0.431542
0.486015
0.468084
0.613518
0.467216
0.42965
0.0991815
0.42462
0.698426
0.90891
0.185668
0.396623
0.166405
0.420105
0.61548
0.308481
0.842842
0.212039
0.426757
0.200194
0.939539
0.896664
0.775886
0.85986
0.0560675
0.519036
0.384214
0.125631
0.309287
0.602161
0.217055
0.421036
0.885417
0.692927
0.67473
0.661786
0.35809
0.34245
0.415459
0.837518
0.10661
0.848556
0.632766
0.257262
0.223132
0.741963
0.526793
0.867737
0.342744
0.502595
0.485594
0.190442
0.170199
0.400471
0.352493
0.263151
0.411402
0.337881
0.181783
0.234919
0.527278
0.497454
0.192296
0.486837
0.213318
0.408369
0.513281
0.451044
0.733964
0.330726
0.598833
0.0364488
0.842357
0.34329
0.28358
0.781576
0.863082
0.360361
0.364505
0.177529
0.11922
0.190662
0.715839
0.510291
0.503638
0.475134
0.259126
0.512377
0.296412
0.437826
0.507064
0.587152
0.41678
0.530226
0.576165
0.331972
0.301733
0.319182
0.322907
0.244746
0.539619
0.440413
0.863501
0.327429
0.392057
0.442631
0.678602
0.674988
0.472236
0.407184
0.833957
0.34094
0.707656
0.831948
0.295171
0.390068
0.542011
0.242737
0.950304
0.766741
0.714714
0.55245
0.391272
0.901233
0.685927
0.408803
0.45735
0.364595
0.23251
0.58318
0.218886
0.426881
0.497608
0.28349
0.747999
0.310167
0.309298
0.260065
0.378284
0.18263
0.34655
0.631438
0.283609
0.124885
0.691486
0.185996
0.274902
0.70252
0.189682
0.775812
0.25085
0.605497
0.223638
0.691179
0.547425
0.419171
0.118289
0.797081
0.294772
0.639702
0.534253
0.551571
0.329375
0.483984
0.624602
0.313847
0.396937
0.396015
0.0763144
0.224038
0.912483
0.119444
0.258998
0.126592
0.159446
0.673105
0.417719
0.485389
0.372328
0.4003
0.853365
0.786407
0.672114
0.0869458
0.113996
0.736604
0.143361
0.561463
0.160995
0.936122
0.626886
0.386222
0.312786
0.742892
0.666721
0.77837
0.0798341
0.575981
0.847964
0.342904
0.722463
0.45147
0.257169
0.94313
0.762746
0.413882
0.799301
0.30821
0.0390008
0.227339
0.797825
0.362188
0.364145
0.336695
0.456965
0.418734
0.729056
0.223777
0.91602
0.480777
0.676613
0.465226
0.553822
0.562579
0.19485
0.403884
0.474244
0.324135
0.232067
0.918553
0.332284
0.191894
0.151263
0.863956
0.196835
0.134681
0.703452
0.859673
0.180878
0.572495
0.514701
0.610353
0.500835
0.590313
0.25433
0.668294
0.591829
0.545037
0.925949
0.587193
0.782596
0.535946
0.621567
0.310242
0.503762
0.528314
0.449572
0.444363
0.523746
0.476386
0.731374
0.698066
0.419218
0.81132
0.692631
0.834985
0.239842
0.518586
0.0745661
0.2123
0.388429
0.170664
0.468257
0.296334
0.807169
0.176408
0.339222
0.704245
0.381166
0.453018
0.52901
0.222994
0.341488
0.562878
0.357825
0.511777
0.415134
0.488059
0.199767
0.684484
0.201349
0.326565
0.334098
0.40773
0.263275
0.240488
0.650012
0.298906
0.155561
0.402926
0.389947
0.355655
0.117122
0.581779
0.397946
0.397952
0.604711
0.198735
0.926662
0.383534
0.522677
0.0356957
0.549136
0.748919
0.135702
0.45973
0.364604
0.666001
0.537382
0.161777
0.558915
0.656868
0.367335
0.336099
0.144218
0.605024
0.564076
0.714593
0.896103
0.902598
0.516722
0.361606
0.161686
0.118665
0.208571
0.452323
0.778068
0.516947
0.691647
0.492938
0.161437
0.200921
0.712313
0.253676
0.623288
0.26177
0.285345
0.32787
0.526189
0.134935
0.503947
0.383482
0.110257
0.393782
0.561531
0.101958
0.523396
0.304589
0.298351
0.380693
0.650804
0.20603
0.508591
0.0759233
0.197645
0.349985
0.293578
0.124418
0.51086
0.529894
0.531342
0.734039
0.417066
0.363654
0.319423
0.353809
0.189051
0.665915
0.0628819
0.358256
0.517933
0.607371
0.526825
0.1675
0.585858
0.453377
0.580652
0.423162
0.349647
0.652633
0.178462
0.713347
0.96193
0.74123
0.210418
0.907344
0.150885
0.317835
0.496145
0.189421
0.0760068
0.183231
0.227509
0.392256
0.168569
0.52479
0.154935
0.365279
0.719459
0.490512
0.290346
0.741983
0.514583
0.409293
0.0886974
0.645656
0.803897
0.403867
0.183803
0.49693
0.449148
0.924134
0.557027
0.586421
0.678759
0.616087
0.364988
0.252362
0.467319
0.306018
0.649333
0.740791
0.452428
0.465114
0.159268
0.306622
0.183098
0.474447
0.894371
0.519927
0.522333
0.360576
0.674559
0.882114
0.722851
0.433635
0.487345
0.50052
0.174247
0.298016
0.621546
0.0975668
0.447059
0.66664
0.125842
0.173232
0.391418
0.466002
0.536515
0.153924
0.119242
0.523248
0.316528
0.496429
0.507932
0.504996
0.304544
0.454468
0.588556
0.392886
0.36565
0.271326
0.0972211
0.444487
0.405154
0.737387
0.491791
0.396211
0.359749
0.533492
0.4339
0.755384
0.225432
0.537181
0.319129
0.594843
0.407138
0.15999
0.502578
0.770686
0.33509
0.20274
0.136451
0.618365
0.784075
0.375335
0.411769
0.561462
0.31812
0.0257238
0.301594
0.79489
0.557454
0.492738
0.679782
0.305257
0.45996
0.177586
0.629506
0.56743
0.699526
0.170424
0.598602
0.161829
0.91565
0.488978
0.564814
0.036547
0.422746
0.564531
0.404648
0.358071
0.508268
0.746651
0.353729
0.723308
0.191882
0.366005
0.336304
0.409842
0.307444
0.448775
0.239599
0.649724
0.403256
0.0196909
0.352175
0.561225
0.943606
0.869129
0.3577
0.381955
0.566601
0.820116
0.679967
0.489772
0.231658
0.422195
0.0906984
0.580037
0.264733
0.173874
0.263203
0.593963
0.127191
0.567162
0.271371
0.545341
0.495018
0.942358
0.0912754
0.296523
0.172956
0.375358
0.584522
0.693317
0.161115
0.827073
0.0186877
0.426094
0.072297
0.700774
0.344715
0.33922
0.265507
0.625332
0.590987
0.799965
0.521672
0.00468538
0.522257
0.442552
0.312035
0.783687
0.315072
0.115639
0.342614
0.365589
0.700281
0.344477
0.38518
0.545432
0.545919
0.240879
0.440066
0.740342
0.343966
0.310071
0.125818
0.327347
0.352576
0.735678
0.652653
0.837148
0.440273
0.221596
0.286215
0.402079
0.441089
0.674659
0.419437
0.158887
0.909272
0.356193
0.779696
0.621568
0.349587
0.175781
0.440559
0.304847
0.372159
0.0935893
0.322495
0.371935
0.0473801
0.578305
0.521915
0.399698
0.617433
0.698376
0.223159
0.82748
0.266376
0.0466868
0.438163
0.579149
0.306188
0.019537
0.330973
0.661946
0.440259
0.547281
0.189082
0.330151
0.139521
0.680027
0.172049
0.660841
0.393984
0.539603
0.358682
0.681424
0.423026
0.0901306
0.435748
0.394369
0.171352
0.308418
0.667183
0.579327
0.194644
0.417825
0.214137
0.694319
0.394464
0.282749
0.324324
0.646915
0.712147
0.162949
0.308421
0.373656
0.567906
0.420316
0.33433
0.217936
0.769798
0.328419
0.446833
0.855322
0.528257
0.161875
0.599729
0.0583223
0.155613
0.113255
0.475275
0.751749
0.665462
0.143062
0.433838
0.496126
0.275187
0.215607
0.659817
0.571428
0.318946
0.668217
0.0893364
0.841763
0.212845
0.291145
0.0212568
0.595084
0.859737
0.123896
0.823604
0.525124
0.929618
0.505047
0.312771
0.425316
0.220048
0.0517994
0.242812
0.31491
0.765668
