0.26867
0.192106
0.2193
0.0681697
0.132874
0.175422
0.146816
0.146315
0.264778
0.241005
0.143522
0.125069
0.23289
0.124325
0.12863
0.156106
0.0596873
0.256921
0.0324742
0.135699
0.375655
0.0792635
0.134544
0.0538328
0.215641
0.947117
0.142096
0.100939
0.271042
0.737271
0.243979
0.237324
0.211239
0.143974
0.138042
0.0714146
0.0580138
0.136758
0.0768591
0.234325
0.241735
0.0181092
0.146159
0.207814
0.375325
0.0869436
0.0204222
0.311041
0.060863
0.270038
0.284342
0.100836
0.368797
0.0523715
0.170266
0.0756731
0.334731
0.295735
0.322251
0.123624
0.216149
0.174498
0.133591
0.0758207
0.194457
0.0985801
0.22583
0.102195
0.0380112
0.271235
0.451575
0.316797
0.131354
0.231896
0.233651
0.220918
0.187514
0.014772
0.454973
0.555775
0.101284
0.0885601
0.0810647
0.120835
0.518189
0.148414
0.0385533
0.171129
0.10881
0.109705
0.175451
0.404453
0.0921153
0.224474
0.148212
0.404409
0.0121476
0.100768
0.135308
0.0320814
0.0966014
0.114867
0.133067
0.347904
0.267127
0.448042
0.0872654
0.427128
0.230257
0.303927
0.333894
0.109346
0.118941
0.28197
0.106901
0.292514
0.171288
0.189219
0.495832
0.107641
0.0821287
0.234051
0.193381
0.0356166
0.0692656
0.292356
0.219574
0.13336
0.167386
0.107198
0.173974
0.33549
0.20751
0.312822
0.121849
0.19668
0.0683817
0.183211
0.0660482
0.167497
0.0848232
0.0921764
0.0975658
0.113135
0.822563
0.322914
0.202303
0.366214
0.0909733
0.339136
0.18966
0.131286
0.10251
0.092025
0.301165
0.0980894
0.544482
0.0604464
0.147157
0.208965
0.356012
0.0558509
0.355154
0.090821
0.108446
0.0657411
0.703823
0.291162
0.183664
0.276151
0.039979
0.402362
0.0722529
0.201595
0.109976
0.230979
0.0324072
0.26403
0.272383
0.310433
0.0256729
0.169703
0.0861811
0.0686885
0.18188
0.101974
0.419766
0.0709594
0.0397889
0.261
0.116075
0.322691
0.215733
0.0812665
0.124441
0.0640851
0.072518
0.0623337
0.224591
0.121476
0.379953
0.0900453
0.252971
0.0581926
0.0795919
0.137819
0.062363
0.0481029
0.212278
0.0508396
0.0468965
0.0863935
0.471912
0.297654
0.145087
0.0729865
0.335045
0.171437
0.058877
0.888934
0.102276
0.116127
0.158884
0.159535
0.178921
0.450232
0.116459
0.284437
0.188528
0.38359
0.287886
0.257962
0.447673
0.0703415
0.260357
0.0548171
0.127898
0.172212
0.137964
0.0357566
0.0471053
0.123006
0.0804416
0.227075
0.229734
0.188653
0.199157
0.0458306
0.0967793
0.20913
0.167289
0.0956989
0.6964
0.0793609
0.153984
0.0922457
0.162466
0.409183
0.0907268
0.211135
0.201733
0.0570869
0.130839
0.0195046
0.192552
0.042403
0.0302599
0.381954
0.0940315
0.117313
0.168665
0.295273
0.220406
0.311781
0.152658
0.372771
0.0546627
0.257511
0.122829
0.0819356
0.208408
0.222719
0.218607
0.201606
0.232856
0.160955
0.257698
0.493071
0.102478
0.0618036
0.337841
0.0811645
0.215476
0.203515
0.0764703
0.272069
0.278509
0.258331
0.514166
0.48248
0.353051
0.114631
0.0630128
0.204656
0.0777096
0.197394
0.330829
0.240658
0.203156
0.0392366
0.316946
0.0909803
0.323156
0.242859
0.0590293
0.279124
0.0675078
0.0203318
0.106967
0.268131
0.192446
0.359288
0.237589
0.0809137
0.0518873
0.0545285
0.0525645
0.366253
0.432816
0.310002
0.309409
0.0390823
0.106864
0.238579
0.140459
0.114561
0.0603604
0.448453
0.071115
0.754844
0.323924
0.1907
0.0516879
0.12839
0.0734915
0.0411976
0.0868329
0.323992
0.358537
0.193527
0.32502
0.124557
0.0699828
0.194644
0.0894016
0.0541007
0.10172
0.289542
0.213138
0.147897
0.407529
0.114722
0.386441
0.215008
0.260572
0.0163868
0.0728075
0.192714
0.297813
0.361028
0.121907
0.621165
0.25535
0.0801847
0.438826
0.215828
0.323159
0.190607
0.072866
0.163674
0.152773
0.14879
0.144434
0.766175
0.237141
0.151643
0.070203
0.0603897
0.1367
0.090278
0.155254
0.0779157
0.475175
0.201575
0.203973
0.0499861
0.0426525
0.326592
0.096818
0.114473
0.0785499
0.290214
0.0768188
0.217477
0.0788006
0.0752119
0.368644
0.0219815
0.244318
0.0665038
0.133085
0.447945
0.253896
0.0212491
0.0322807
0.150219
0.206509
0.0509707
0.269639
0.232779
0.178674
0.0512197
0.0410252
0.171623
0.338334
0.108378
0.202816
0.0636257
0.105056
0.0330313
0.657891
0.258165
0.117848
0.158353
0.269863
0.202408
0.0173812
0.224801
0.279044
0.0254284
0.151049
0.220694
0.190896
0.347813
0.354057
0.0961079
0.0745371
0.0964642
0.451617
0.110862
0.438584
0.325241
0.118642
0.167607
0.0621583
0.116431
0.234387
0.400741
0.200924
0.2406
0.141535
0.209107
0.223678
0.0412734
0.134533
0.0393655
0.276438
0.0724114
0.0218444
0.254689
0.0200701
0.0669748
0.0606146
0.0482409
0.0701733
0.143024
0.0384871
0.0975761
0.332345
0.234056
0.142637
0.128006
0.0899658
0.078187
0.276998
0.0813265
0.187324
0.179132
0.0270258
0.121693
0.212305
0.0999974
0.329592
0.169607
0.183102
0.300093
0.0367816
0.235001
0.163574
0.0849526
0.121462
0.160202
0.306964
0.210932
0.362587
0.716543
0.0627994
0.369975
0.0264921
0.11146
0.448914
0.159532
0.094846
0.206033
0.0377037
0.148954
0.182248
0.309523
0.231887
0.147062
0.177938
0.0917212
0.260388
0.19006
0.293608
0.249799
0.412519
0.0342031
0.179583
0.414145
0.103033
0.184764
0.0894516
0.277991
0.300207
0.111205
0.161713
0.0158852
0.123039
0.0496379
0.197969
0.446126
0.151252
0.569528
0.371977
0.290287
0.331026
0.118835
0.0382717
0.0836714
0.057858
0.365259
0.10525
0.286859
0.218861
0.102183
0.182531
0.220673
0.27497
0.0775952
0.121283
0.354163
0.0451943
0.135522
0.0847805
0.193981
0.149961
0.131821
0.165664
0.0660052
0.087976
0.287676
0.0150739
0.108564
0.164738
0.0115603
0.0429429
0.0895781
0.191879
0.0642059
0.198509
0.09432
0.129218
0.110762
0.0490227
0.133562
0.0265028
0.227935
0.392956
0.217636
0.236056
0.267295
0.0773026
0.148728
0.0571522
0.109883
0.060861
0.0822581
0.879586
0.211567
0.16267
0.179221
0.146579
0.0844112
0.0397291
0.543721
0.154755
0.449787
0.0499219
0.114414
0.155407
0.272338
0.196635
0.200445
0.0492601
0.101932
0.262714
0.30221
0.112607
0.0334698
0.229411
0.104233
0.249942
0.111831
0.249524
0.172411
0.280225
0.221727
0.123257
0.143273
0.197676
0.235571
0.270394
0.279758
0.100023
0.114024
0.208789
0.172437
0.175572
0.0186637
0.241642
0.0462368
0.214179
0.0523294
0.271482
0.160494
0.0436877
0.377111
0.0835418
0.381137
0.293367
0.138039
0.31132
0.265097
0.0943384
0.179058
0.288019
0.112122
0.303903
0.046044
0.143374
0.0473777
0.113475
0.115268
0.0525435
0.208821
0.458889
0.109943
0.12473
0.114088
0.183643
0.120068
0.254451
0.0979646
0.0882047
0.0399088
0.173653
0.137539
0.0766431
0.140937
0.155
0.166462
0.0582727
0.0612753
0.0695968
0.186033
0.0908166
0.331169
0.17337
0.108038
0.109616
0.229113
0.061963
0.0282318
0.118746
0.122667
0.34692
0.294844
0.287034
0.0569138
0.0957661
0.242872
0.235019
0.112632
0.0311252
0.0423524
0.113104
0.526116
0.152531
0.191937
0.034748
0.198289
0.0794335
0.0746496
0.218445
0.135267
0.096503
0.300791
0.0265819
0.0621525
0.264014
0.0599613
0.0392971
0.213511
0.277707
0.135609
0.438446
0.345672
