0.330708
0.422211
0.610194
0.705762
0.354474
0.629481
0.36205
0.496657
0.445177
0.660524
0.313463
0.315433
0.917943
0.772086
0.481744
0.317562
0.407923
0.519794
0.533703
0.609043
0.515911
0.781657
0.186233
0.517276
0.577036
0.454891
0.64632
0.454798
0.662815
0.77549
0.362725
0.503657
0.759568
0.284352
0.974111
0.528529
0.722325
0.921312
0.824857
0.738545
0.480566
0.64139
0.269141
0.794728
0.311253
0.151425
0.3828
0.388859
0.892801
0.863856
0.871772
0.971327
0.53804
0.626291
0.612281
0.674768
0.396799
0.169451
0.339869
0.405835
0.622767
0.586126
0.921142
0.718444
0.431342
0.655865
0.638868
0.231834
0.402637
0.563812
0.499749
0.0687824
0.653772
0.598968
0.571589
0.468181
0.405737
0.869207
0.695922
0.649103
0.482345
0.855332
0.560774
0.305727
0.111424
0.80971
0.347214
0.447623
0.474022
0.446163
0.390466
0.757251
0.415438
0.886093
0.193046
0.702624
0.696593
0.509924
0.522498
0.492154
0.5211
0.411681
0.623957
0.704401
0.203278
0.564022
0.638625
0.711533
0.25781
0.616444
0.690538
0.515702
0.152774
0.272936
0.20766
0.78622
0.182122
0.57619
0.715717
0.0448022
0.465692
0.222918
0.481003
0.656391
0.381523
0.901429
0.464995
0.170652
0.241528
0.426453
0.806579
0.524778
0.791602
0.842542
0.81035
0.14854
0.749772
0.810639
0.411565
0.717742
0.182583
0.378453
0.376172
0.216234
0.457448
0.440418
0.889029
0.463524
0.675779
0.853438
0.768003
0.456198
0.443783
0.708462
0.114269
0.863211
0.737211
0.646922
0.578954
0.18021
0.179872
0.709636
0.713699
0.73552
0.800431
0.483074
0.277807
0.53819
0.290725
0.634022
0.429538
0.391453
0.827902
0.743987
0.890169
0.797445
0.583762
0.535785
0.777869
0.253459
0.719344
0.288934
0.766162
0.624338
0.47493
0.383498
0.673404
0.192589
0.617795
0.338775
0.161298
0.450859
0.352177
0.518103
0.0784094
0.380268
0.611954
0.666414
0.814652
0.641742
0.690836
0.526191
0.311693
0.351325
0.0474309
0.653558
0.568601
0.330049
0.493496
0.327199
0.301481
0.345821
0.487533
0.660762
0.575877
0.703928
0.899397
0.758849
0.534918
0.902407
0.579333
0.538866
0.836755
0.497687
0.452524
0.650006
0.756833
0.170114
0.873267
0.740184
0.176548
0.179043
0.332607
0.65388
0.568644
0.462866
0.656877
0.257278
0.283472
0.72907
0.764674
0.414193
0.535282
0.606729
0.691507
0.300991
0.274515
0.572229
0.60714
0.673773
0.84306
0.581435
0.637502
0.253338
0.818286
0.750245
0.674615
0.564364
0.741837
0.256829
0.370468
0.844952
0.84349
0.471044
0.428316
0.380063
0.0661852
0.515819
0.783328
0.35188
0.317492
0.725088
0.598018
0.136437
0.597263
0.526677
0.581855
0.475184
0.878494
0.265447
0.512747
0.866283
0.28743
0.341408
0.363114
0.766589
0.596554
0.240416
0.418406
0.714778
0.440795
0.556824
0.731918
0.512997
0.469902
0.21944
0.221424
0.286266
0.770841
0.364293
0.790094
0.53055
0.20401
0.0987392
0.324606
0.495109
0.590152
0.582991
0.899348
0.379252
0.80843
0.399839
0.307743
0.785693
0.478541
0.0764739
0.457369
0.422281
0.715688
0.06898
0.36751
0.530491
0.767428
0.697786
0.526904
0.679814
0.717003
0.263114
0.700403
0.457241
0.74103
0.749559
0.153809
0.88675
0.452226
0.14261
0.0820148
0.585949
0.556727
0.256413
0.828646
0.295753
0.4286
0.28314
0.768126
0.776755
0.709681
0.948164
0.152706
0.629657
0.581948
0.408619
0.679189
0.457077
0.866663
0.808943
0.484952
0.241615
0.90234
0.524513
0.186919
0.928147
0.353626
0.885937
0.129202
0.680006
0.460768
0.735886
0.535539
0.728245
0.677809
0.312064
0.180761
0.364013
0.476668
0.588615
0.767743
0.281967
0.532047
0.524411
0.0650767
0.672936
0.432029
0.122836
0.349598
0.676159
0.645327
0.706904
0.641582
0.77391
0.577541
0.309497
0.26536
0.87193
0.275128
0.905971
0.649013
0.610642
0.115826
0.871256
0.174135
0.735556
0.151679
0.269441
0.609333
0.855986
0.164568
0.536
0.681288
0.839699
0.505347
0.301985
0.308998
0.689406
0.159999
0.169729
0.736566
0.482793
0.525883
0.787728
0.624806
0.33762
0.702634
0.372576
0.506168
0.890439
0.180711
0.620198
0.343977
0.803606
0.700427
0.549546
0.734402
0.660113
0.516612
0.206149
0.359582
0.265982
0.56779
0.685015
0.657487
0.623387
0.704588
0.242773
0.149221
0.430901
0.135125
0.805675
0.477514
0.739569
0.887652
0.94759
0.750722
0.474841
0.661011
0.495927
0.0825258
0.758535
0.173151
0.515682
0.727139
0.370187
0.510641
0.116157
0.306259
0.709768
0.587339
0.153338
0.756621
0.357475
0.627195
0.935211
0.466091
0.479384
0.610776
0.320692
0.662004
0.376842
0.522406
0.724065
0.502354
0.617066
0.51464
0.44921
0.772252
0.699858
0.476362
0.606779
0.15372
0.848888
0.438299
0.78329
0.564083
0.528082
0.74283
0.701461
0.313724
0.937617
0.54011
0.375407
0.529009
0.409562
0.526663
0.4249
0.232468
0.322372
0.936485
0.592683
0.808133
0.616601
0.641081
0.0970919
0.165633
0.47932
0.877574
0.782881
0.209786
0.454661
0.264588
0.684583
0.616636
0.734331
0.676193
0.378785
0.589231
0.28304
0.451216
0.565779
0.887153
0.207116
0.472391
0.588008
0.781863
0.648763
0.467373
0.72024
0.268963
0.845259
0.889733
0.510077
0.831251
0.148041
0.147783
0.38026
0.476566
0.722944
0.696448
0.478962
0.50128
0.678139
0.297941
0.602645
0.260132
0.119486
0.264508
0.941052
0.336243
0.309302
0.450163
0.280318
0.638546
0.29251
0.577658
0.268523
0.539031
0.644451
0.270269
0.885131
0.609109
0.415087
0.342324
0.775275
0.450008
0.746872
0.189274
0.566254
0.540991
0.415589
0.457092
0.920811
0.788968
0.378434
0.495928
0.746253
0.678963
0.664346
0.843517
0.455143
0.465328
0.845974
0.70183
0.843924
0.232405
0.488816
0.515736
0.775413
0.560696
0.140745
0.869187
0.87725
0.199447
0.664953
0.662102
0.889224
0.67982
0.475502
0.253297
0.679184
0.519227
0.465675
0.237239
0.579423
0.634886
0.56591
0.634524
0.0965695
0.205236
0.809802
0.809105
0.750815
0.421263
0.506061
0.644666
0.589787
0.726502
0.189363
0.122059
0.585655
0.145535
0.540973
0.0739964
0.751679
0.767323
0.641466
0.457233
0.348938
0.297002
0.421452
0.694362
0.656135
0.409365
0.542106
0.653961
0.399804
0.515781
0.196971
0.696745
0.361837
0.356375
0.570079
0.44181
0.837434
0.68785
0.3227
0.725573
0.398386
0.940737
0.426119
0.567967
0.259464
0.391158
0.258491
0.764878
0.420482
0.554562
0.706801
0.823651
0.29367
0.670555
0.483592
0.497187
0.32748
0.679494
0.667377
0.565443
0.590523
0.326077
0.464795
0.465741
0.439704
0.602192
0.512001
0.186382
0.277978
0.142533
0.421827
0.409909
0.857666
0.220138
0.444102
0.40338
0.500301
0.61306
0.766035
0.890355
0.696525
0.926937
0.309626
0.613982
0.28541
0.503316
0.102039
0.835832
0.775716
0.428436
0.393487
0.920735
0.528938
0.594736
0.881076
0.394477
0.474685
0.744596
0.765312
0.135801
0.424887
0.351925
0.516024
0.400284
0.701612
0.389508
0.394536
0.331191
0.689474
0.538752
0.567099
0.417614
0.165878
0.814798
0.627799
0.637766
0.538113
0.176591
0.777376
0.689727
0.899037
0.823302
0.66721
0.258625
0.869727
0.657273
0.753658
0.12128
0.47622
0.564703
0.189139
0.643469
0.551911
0.514442
0.741784
0.876191
0.883541
0.834464
0.698628
0.487594
0.19817
0.208543
0.11934
0.547738
0.468294
0.12334
0.421997
0.347911
0.26646
0.23312
0.0881452
0.294055
0.668368
0.333644
0.690039
0.578406
0.6528
0.43691
0.12302
0.616908
0.0934777
0.531386
0.501201
0.293911
0.864431
0.570764
0.795257
0.103121
0.497197
0.583609
0.462082
0.70695
0.355062
0.904051
0.627215
0.186326
0.704911
0.435601
0.600155
0.457483
0.449067
0.747124
0.657352
0.943526
0.164753
0.728965
0.499433
0.876889
0.935332
0.307852
0.793597
0.483667
0.458312
0.452102
0.612844
0.155611
0.371387
0.660862
0.762514
0.873662
0.728349
0.804408
0.679569
0.630909
0.413902
0.838308
0.739516
0.763821
0.854571
0.775343
0.685514
0.649799
0.466014
0.476507
0.206924
0.53628
0.649182
0.779638
0.851916
0.389309
0.930811
0.22247
0.370769
0.351855
0.674428
0.372494
0.259204
0.184442
0.613089
0.859599
0.377594
0.808302
0.345511
0.361034
0.750129
0.744441
0.290001
0.724999
0.284726
0.29722
0.797559
0.790224
0.788853
0.64
0.756836
0.795916
0.69604
0.398969
0.684427
0.529505
0.691242
0.254433
0.859422
0.468926
0.0949785
0.0989853
0.447336
0.937956
0.404201
0.269093
0.879737
0.558107
0.664136
0.781188
0.701784
0.39193
0.592152
0.839474
0.430164
0.677794
0.646959
0.596872
0.846273
0.62939
0.1749
0.548866
0.558396
0.544872
0.859136
0.597202
0.39076
0.623786
0.170425
0.580731
0.205206
0.654305
0.696272
0.666553
0.314523
0.242637
0.185426
0.836784
0.415819
0.832681
0.872049
0.734263
0.784121
0.403528
0.161598
0.281725
0.781942
0.544924
0.816187
0.749219
0.716475
0.156817
0.558782
0.18939
0.156261
0.439378
0.767212
0.521704
0.206457
0.804606
0.597259
0.734843
0.856443
0.643971
0.556841
0.829708
0.749713
0.523539
0.242022
0.27295
0.793818
0.952804
0.268306
0.584434
0.851924
0.604142
0.500138
0.811252
0.859245
0.304615
0.62755
0.280472
0.80693
0.311558
0.336341
0.650892
0.659066
0.591015
0.745715
0.48534
0.888236
0.198249
0.427352
0.275537
0.144435
0.821876
0.320396
0.837659
0.226964
0.872825
0.945265
0.239697
0.777728
0.713103
0.571987
0.377528
0.561857
0.27375
0.877176
0.388299
0.706244
0.540977
0.686334
0.840286
0.4393
0.212786
0.354189
0.140574
0.779176
0.627086
0.27457
0.910614
0.65919
0.846148
0.76378
0.867216
0.834292
0.692932
0.627093
0.966889
0.641497
0.145109
0.477913
0.146352
0.641929
0.94783
0.0509048
0.443336
0.30839
0.76491
0.846752
0.338779
0.737232
0.791914
0.327343
0.851946
0.29204
0.184365
0.314442
0.598345
0.620527
0.483768
0.0654413
0.485237
0.507217
0.317045
0.615312
0.0511199
0.161421
0.449535
0.46627
0.363954
0.661813
0.793391
0.619085
0.275542
0.546108
0.768176
0.828433
0.848748
0.415646
0.256985
0.71686
0.529982
0.296246
0.832138
0.285478
0.691573
0.439496
0.718195
0.30445
0.785843
0.263679
0.696511
0.20613
0.232068
0.598245
0.885139
0.340237
0.177206
0.717709
0.486533
0.354466
0.608266
0.885609
0.565674
0.8448
0.483517
0.430243
0.489
0.499202
0.149437
0.309475
0.243842
0.268175
0.714018
0.712251
0.101523
0.28523
0.41077
0.482045
0.292964
0.417532
0.728462
0.745244
0.936535
0.968418
0.54137
0.325557
0.841616
0.418045
0.437471
0.170894
0.142528
0.32059
0.107834
0.870937
0.491362
0.813822
0.711917
0.56727
0.198127
0.527753
0.453534
0.666065
0.74814
0.739006
0.573659
0.616321
0.679694
0.199279
0.911709
0.457446
0.0638076
0.745476
0.670749
0.786019
0.15603
0.567919
0.141687
0.390645
0.681592
0.600193
0.535812
0.906656
0.65039
0.763947
0.356249
0.341487
0.389792
0.711022
0.539587
0.161496
0.918978
0.879867
0.84702
0.67012
0.260393
0.645841
0.615449
0.4164
0.311267
0.077906
0.951109
0.285695
0.624892
0.614934
0.661773
0.885373
0.705199
0.559376
0.693901
0.741542
0.593159
0.766955
0.862802
0.244222
0.51045
0.840295
0.570014
0.699205
0.914202
0.551432
0.62123
0.470045
0.821395
0.471681
0.193648
0.368677
0.238975
0.781461
0.6751
0.745515
0.468587
0.41643
0.857947
0.421408
0.5555
0.639124
0.744113
0.699672
0.238198
0.146062
0.878714
0.314418
0.607199
0.728177
0.75691
0.414648
0.573269
0.195486
0.837402
0.486191
0.286358
0.794849
0.859377
0.660342
0.118895
0.44004
0.334276
0.507993
0.747765
0.581172
0.377995
0.279784
0.242264
0.593587
0.423489
0.843491
0.0476361
0.295987
0.605248
0.642653
0.575907
0.508405
0.335568
0.399163
0.438031
0.24104
0.808785
0.598283
0.176623
0.742017
0.222027
0.217146
0.821301
0.762423
0.423584
0.473682
0.804118
0.747227
0.878338
0.749885
0.24242
0.738376
0.457795
0.269291
0.48676
0.239045
0.529346
0.346857
0.320478
0.541096
0.83509
0.696003
0.725879
0.587133
0.524045
0.582586
0.502761
0.758482
0.716559
0.61403
0.520298
0.278219
0.601809
0.814823
0.197192
0.749548
0.71202
0.520952
0.274712
0.651001
0.312579
0.3342
0.573092
0.88525
0.795235
0.401873
0.788729
0.659019
0.262595
0.76603
0.781112
0.609453
0.655234
0.580555
0.599234
0.132006
0.661242
0.548295
0.171059
0.261469
0.445087
0.925263
0.540872
0.349205
0.182859
0.91451
0.275811
0.397832
0.220659
0.764532
0.295368
0.677158
0.280341
0.248393
0.260218
0.573224
0.838397
0.71235
0.575139
0.621852
0.430339
0.447561
0.856363
0.739389
0.737359
0.422686
0.468812
0.32621
0.940514
0.840172
0.448846
0.344987
0.412569
0.123081
0.585485
0.348305
0.110564
0.11488
0.798329
0.210182
0.748209
0.810041
0.805357
0.477178
0.786451
0.956417
0.0282283
0.383652
0.234081
0.729284
0.806169
0.267301
0.303401
0.370635
0.496036
0.552628
0.495808
0.497603
0.891167
0.214462
0.241437
0.71413
0.876531
0.306048
0.849816
0.66413
0.600321
0.795919
0.614132
0.372696
0.391961
0.294723
0.602625
0.309991
0.665969
0.520977
0.800865
0.63019
0.342007
0.702345
0.581578
0.664854
0.476236
0.854801
0.618847
0.808085
0.537799
0.190405
0.182522
0.608055
0.681375
0.185648
0.233546
0.839141
0.391196
0.556269
0.393032
0.929337
0.456899
0.896826
0.751474
0.18788
0.762478
0.180017
0.875975
0.501347
0.181921
0.133893
0.199759
0.636986
0.0770011
0.745898
0.621372
0.519242
0.452846
0.711127
0.153712
0.375736
0.425175
0.819888
0.543037
0.533875
0.691231
0.845532
0.79012
0.825207
0.749351
0.70955
0.756557
0.707475
0.205431
0.522384
0.146469
0.61382
0.544804
0.708484
0.0658758
0.439897
0.757565
0.714502
0.815205
0.909924
0.651451
0.82093
0.293935
0.755864
0.314114
0.543134
0.638538
0.854245
0.806161
0.376703
0.405057
0.739529
0.928786
0.758168
0.61094
0.782197
0.65695
0.156129
0.683907
0.705899
0.50886
0.507561
0.460358
0.385472
0.799202
0.275314
0.291758
0.214671
0.347447
0.416064
0.510198
0.213309
0.370253
0.726099
0.332269
0.49046
0.758755
0.780055
0.718119
0.535322
0.450432
0.767561
0.766589
0.491571
0.690493
0.638316
0.772832
0.650712
0.146114
0.243417
0.579752
0.243707
0.486009
0.2523
0.386209
0.242985
0.103218
0.463285
0.215256
0.337603
0.692216
0.307214
0.622928
0.91745
0.896178
0.939935
0.690635
0.212558
0.501924
0.853431
0.605606
0.437105
0.737247
0.573997
0.781726
0.740204
0.913897
0.524208
0.280963
0.502424
0.475096
0.252616
0.203973
0.884796
0.713551
0.887725
0.787821
0.195197
0.17694
0.703264
0.46149
0.850347
0.444631
0.81839
0.664351
0.903813
0.213345
0.405112
0.688683
0.631641
0.182358
0.394362
0.72797
0.627903
0.429117
0.819693
0.252606
0.445052
0.670279
0.770217
0.113511
0.688483
0.449306
0.214091
0.331499
0.399602
0.569919
0.135563
0.352868
0.475771
0.278484
0.527816
0.548269
0.657739
0.680746
0.185837
0.517548
0.833618
0.625751
0.56808
0.547287
0.207144
0.604062
0.744241
0.290709
0.237597
0.66529
0.532136
0.704958
0.890608
0.467304
0.561763
0.749739
0.560003
0.393374
0.816286
0.749947
0.32906
0.685239
0.786708
0.708066
0.0687435
0.469564
0.824088
0.88014
0.113217
0.788343
0.534636
0.345075
0.323776
0.462845
0.218759
0.646243
0.328472
0.259121
0.827383
0.554467
0.220649
0.505174
0.900195
0.0410251
0.757086
0.774867
0.600335
0.303382
0.241493
0.405132
0.886502
0.502862
0.300559
0.306401
0.793233
0.276959
0.788681
0.944079
0.338008
0.452537
0.788248
0.900731
0.343881
0.583626
0.696046
0.233374
0.819144
0.603186
0.785353
0.656741
0.140536
0.884334
0.901876
0.647394
0.409946
0.691281
0.922871
0.773404
0.933746
0.714346
0.776668
0.607717
0.594801
0.503772
0.904803
0.529318
0.776558
0.24886
0.757782
0.0486348
0.425928
0.151664
0.590242
0.288198
0.367051
0.126513
0.18683
0.709326
0.499235
0.562229
0.834551
0.375718
0.951543
0.778629
0.612337
0.710263
0.593156
0.186643
0.148685
0.110069
0.214427
0.259225
0.100013
0.765883
0.48135
0.30617
0.862044
0.647408
0.885468
0.541165
0.341496
0.166675
0.916016
0.399859
0.786979
0.759388
0.443899
0.783733
0.184281
0.239822
0.674309
0.766767
0.264648
0.831707
0.285819
0.724619
0.130608
0.35203
0.901295
0.82994
0.394186
0.725788
0.603529
0.812737
0.542048
0.751196
0.64058
0.92742
0.994755
0.802187
0.864525
0.229786
0.734681
0.235321
0.35751
0.400301
0.443802
0.756173
0.886862
0.519932
0.848045
0.680894
0.253241
0.781769
0.882775
0.55728
0.778137
0.851814
0.220809
0.253251
0.556371
0.196619
0.80842
0.835424
0.664667
0.903083
0.830595
0.0467611
0.805385
0.261706
0.569608
0.540189
0.255659
0.38828
0.295352
0.74879
0.289802
0.681594
0.930109
0.404814
0.719561
0.165182
0.516787
0.378025
0.646676
0.688768
0.171516
0.682492
0.681671
0.349177
0.468241
0.316807
0.622638
0.868134
0.28956
0.398225
0.78703
0.362896
0.304065
0.728255
0.943619
0.230177
0.797516
0.768281
0.568152
0.561156
0.936689
0.750637
0.763556
0.765724
0.813131
0.660365
0.341345
0.698504
0.596667
0.856105
0.316747
0.295869
0.30224
0.827015
0.865884
0.537831
0.789202
0.680763
0.557845
0.245491
0.537518
0.747097
0.630015
0.327156
0.596506
0.339167
0.743407
0.951172
0.760243
0.143131
0.681036
0.460503
0.918935
0.69992
0.829814
0.620312
0.756902
0.703674
0.245441
0.922381
0.512191
0.678604
0.407471
0.444051
0.706169
0.251328
0.615239
0.435372
0.565403
0.63633
0.879847
0.467603
0.811074
0.774151
0.174331
0.362483
0.890028
0.85674
0.111037
0.913696
0.371822
0.822233
0.687393
0.960878
0.883263
0.343232
0.202982
0.652198
0.823122
0.790425
0.811282
0.200434
0.356217
0.446231
0.430317
0.264133
0.750001
0.405199
0.469018
0.504531
0.728386
0.690288
0.415884
0.0839774
0.259569
0.515408
0.36284
0.779091
0.366223
0.245219
0.804515
0.502112
0.273134
0.730007
0.800395
0.628768
0.787326
0.718314
0.496289
0.362102
0.329633
0.38274
0.727415
0.707804
0.606853
0.358527
0.51975
0.773933
0.606117
0.354089
0.593458
0.458382
0.689288
0.87558
0.333458
0.150863
0.319751
0.847422
0.718829
0.415845
0.151557
0.549472
0.465536
0.191453
0.157308
0.681926
0.253619
0.483802
0.881817
0.915317
0.10489
0.628597
0.802664
0.158221
0.746735
0.257491
0.612219
0.429995
0.337622
0.405382
0.165948
0.808614
0.402366
0.724754
0.613219
0.130965
0.613039
0.304788
0.244854
0.537071
0.703738
0.554363
0.0417585
0.454986
0.514084
0.704055
0.399965
0.573883
0.657598
0.2859
0.612638
0.314761
0.439776
0.660107
0.23188
0.412003
0.746309
0.508274
0.715925
0.141225
0.554171
0.0357411
0.77297
0.225411
0.0505002
0.689808
0.428878
0.221341
0.414937
0.363541
0.529327
0.325448
0.407337
0.456778
0.270092
0.170594
0.834862
0.875326
0.209601
0.493139
0.371486
0.294644
0.691869
0.431283
0.416384
0.281991
0.813675
0.62335
0.742613
0.713438
0.91893
0.779533
0.516985
0.53849
0.762554
0.371396
0.773768
0.536249
0.256532
0.594412
0.249694
0.32296
0.526095
0.857952
0.795482
0.211451
0.593955
0.920158
0.444185
0.733873
0.390371
0.388415
0.099284
0.91267
0.677349
0.75878
0.18817
0.554819
0.885135
0.567041
0.107875
0.874315
0.881934
0.370087
0.571357
0.829056
0.211731
0.373762
0.582185
0.345353
0.7432
0.680237
0.956988
0.207214
0.67057
0.220792
0.172569
0.208888
0.343743
0.864632
0.239582
0.413917
0.852457
0.736609
0.275015
0.842738
0.291817
0.644526
0.476871
0.790107
0.307876
0.131551
0.496404
0.812245
0.228021
0.0165047
0.481334
0.713255
0.443292
0.332823
0.750175
0.640823
0.197083
0.328484
0.389345
0.638065
0.853998
0.553693
0.76258
0.564993
0.772671
0.350303
0.176141
0.779653
0.71142
0.176999
0.810343
0.165983
0.616131
0.64643
0.810322
0.38933
0.484996
0.55887
0.516148
0.362179
0.770506
0.568073
0.839474
0.735411
0.334493
0.463103
0.465983
0.683145
0.344482
0.386594
0.4443
0.318602
0.686973
0.449564
0.992621
0.830502
0.595576
0.182447
0.413113
0.980029
0.52726
0.859199
0.827597
0.627293
0.672315
0.285414
0.453959
0.29848
0.922391
0.0380943
0.393512
0.301354
0.752203
0.802921
0.341123
0.454632
0.577956
0.213598
0.353504
0.636184
0.687157
0.31707
0.912053
0.527868
0.25794
0.535493
0.269759
0.666321
0.667643
0.6125
0.672021
0.0858266
0.446261
0.504219
0.424494
0.556094
0.302004
0.401203
0.0855249
0.187327
0.827279
0.738012
0.354068
0.856505
0.656981
0.687565
0.255027
0.271857
0.670707
0.297131
0.70023
0.420592
0.490298
0.36972
0.517189
0.629763
0.875317
0.408634
0.640982
0.469596
0.7881
0.922049
0.96536
0.607662
0.735391
0.789246
0.51061
0.260684
0.428688
0.76048
0.820484
0.752839
0.437365
0.562203
0.736519
0.636963
0.587354
0.846829
0.164812
0.712978
0.869052
0.226282
0.792268
0.14496
0.103717
0.227184
0.122813
0.590328
0.818235
0.375433
0.459548
0.9583
0.425998
0.188735
0.250324
0.586893
0.11384
0.0856734
0.316757
0.755185
0.0964718
0.91658
0.334701
0.859237
0.336765
0.874652
0.59245
0.462892
0.845928
0.750304
0.433346
0.610257
0.653427
0.118836
0.684413
0.137734
0.718397
0.403018
0.733153
0.204332
0.56708
0.489168
0.489198
0.70969
0.413063
0.712866
0.33965
0.504886
0.66085
0.953261
0.416448
0.603608
0.573738
0.232124
0.658182
0.294788
0.232955
0.207518
0.403863
0.757392
0.972314
0.418778
0.863124
0.832845
0.985984
0.545523
0.834119
0.778741
0.772626
0.736837
0.61321
0.702074
0.800378
0.420251
0.698982
0.85255
0.779634
0.686624
0.6471
0.271789
0.778659
0.753088
0.200208
0.496989
0.610282
0.115124
0.311102
0.838455
0.343179
0.336919
0.403871
0.415312
0.182742
0.910953
0.40388
0.907973
0.812338
0.657471
0.694822
0.358042
0.402228
0.241951
0.182529
0.714978
0.243262
0.484208
0.166753
0.433405
0.208062
0.551112
0.291651
0.70337
0.426784
0.734295
0.940874
0.791751
0.411306
0.382832
0.58365
0.529733
0.672352
0.724801
0.302083
0.507738
0.0276757
0.35956
0.20173
0.827713
0.751033
0.315491
0.50548
0.725172
0.607285
0.685276
0.36047
0.810308
0.902597
0.67759
0.358816
0.187396
0.76094
0.563701
0.832034
0.688354
0.525029
0.736856
0.168539
0.28782
0.488987
0.873485
0.476472
0.442675
0.770934
0.719202
0.643718
0.681153
0.521007
0.560146
0.224146
0.78252
0.439991
0.515378
0.898162
0.74986
0.699678
0.630329
0.870883
0.853844
0.358428
0.608033
0.827931
0.809108
0.858543
0.827579
0.255259
0.279218
0.910351
0.653696
0.830927
0.426219
0.873693
0.744072
0.636076
0.801564
0.659953
0.750285
0.736826
0.845165
0.601155
0.436992
0.810972
0.304642
0.719652
0.100078
0.809686
0.287789
0.807181
0.577472
0.703548
0.641984
0.391233
0.055211
0.520347
0.82479
0.727229
0.679855
0.73541
0.468942
0.700646
0.872701
0.606221
0.441314
0.394861
0.53843
0.842984
0.594157
0.354941
0.789998
0.371348
0.253676
0.221344
0.243157
0.279688
0.454131
0.388645
0.644657
0.601684
0.506393
0.565459
0.589621
0.689748
0.3066
0.616333
0.25965
0.274883
0.598367
0.690016
0.19898
0.598872
0.711121
0.268987
0.697336
0.144497
0.854959
0.410145
0.290768
0.130399
0.481955
0.742167
0.747778
0.803443
0.793843
0.256426
0.240491
0.606344
0.370047
0.553496
0.543399
0.309859
0.325911
0.296577
0.448284
0.283576
0.361216
0.843506
0.76727
0.696458
0.75988
0.698975
0.727657
0.821099
0.717955
0.907303
0.201275
0.512809
0.145999
0.039419
0.667368
0.492756
0.931907
0.318198
0.442997
0.527591
0.56956
0.0552981
0.762536
0.141036
0.440517
0.658315
0.650694
0.601003
0.424792
0.757468
0.608602
0.639784
0.202505
0.346923
0.686542
0.498342
0.650384
0.284915
0.328164
0.152888
0.375824
0.721971
0.167941
0.335582
0.704081
0.60234
0.655583
0.260856
0.809824
0.446715
0.811227
0.959264
0.336856
0.855802
0.438302
0.405775
0.40852
0.165898
0.363419
0.309097
0.407681
0.690944
0.890174
0.449113
0.48535
0.438655
0.756978
0.28739
0.556104
0.758052
0.615708
0.792586
0.550162
0.491934
0.30544
0.163964
0.568083
0.500675
0.459336
0.520417
0.303109
0.423133
0.0769129
0.635032
0.630975
0.258903
0.318556
0.278857
0.682208
0.525078
0.191057
0.551912
0.130962
0.364161
0.862144
0.494853
0.327732
0.309724
0.805984
0.503124
0.681084
0.926611
0.331694
0.606994
0.391335
0.255353
0.839641
0.5431
0.596831
0.208439
0.768725
0.616521
0.585478
0.934043
0.639512
0.779832
0.468968
0.538329
0.26814
0.683814
0.722199
0.790055
0.660202
0.705755
0.854171
0.753773
0.201325
0.71407
0.493997
0.863129
0.311149
0.613867
0.688431
0.513497
0.683926
0.705259
0.587969
0.565835
0.799298
0.783695
0.57344
0.144397
0.43797
0.713211
0.325369
0.379916
0.602782
0.84551
0.598548
0.45057
0.140887
0.907017
0.515092
0.669415
0.655509
0.560169
0.66793
0.754846
0.669256
0.422625
0.643331
0.876776
0.823728
0.667724
0.873663
0.508497
0.183336
0.131423
0.261249
0.628527
0.393499
0.886078
0.616883
0.171287
0.284583
0.58966
0.682659
0.704226
0.750485
0.749664
0.613266
0.776715
0.640649
0.413494
0.31382
0.613797
0.8542
0.645049
0.590894
0.280553
0.323833
0.921902
0.698531
0.83144
0.863913
0.219321
0.48385
0.329407
0.306766
0.930419
0.858424
0.149138
0.282653
0.756696
0.532012
0.348321
0.765458
0.633132
0.53309
0.526955
0.455865
0.116918
0.720484
0.726508
0.444659
0.484105
0.380001
0.0192136
0.743801
0.409603
0.193494
0.881364
0.307561
0.411908
0.0961534
0.416467
0.333614
0.163688
0.525033
0.26524
0.583384
0.8482
0.38408
0.782754
0.184794
0.566026
0.364401
0.885202
0.878761
0.701935
0.600827
0.723084
0.716534
0.927452
0.43443
0.674929
0.707105
0.86758
0.696344
0.351848
0.491969
0.8714
0.666611
0.0797479
0.879299
0.418064
0.776487
0.612688
0.775064
0.299953
0.779621
0.911845
0.850454
0.173479
0.6835
0.667488
0.279177
0.470189
0.612139
0.837195
0.266175
0.329313
0.251493
0.778088
0.508174
0.115328
0.247794
0.854382
0.411452
0.77873
0.167376
0.570799
0.687572
0.714974
0.631618
0.149025
0.397595
0.894892
0.368033
0.381467
0.501327
0.627634
0.775968
0.943777
0.758406
0.577734
0.787158
0.866982
0.640089
0.493651
0.546918
0.623454
0.413368
0.123048
0.282293
0.239527
0.761428
0.740855
0.817617
0.729221
0.71974
0.559177
0.810619
0.786809
0.813946
0.395842
0.309303
0.552571
0.223021
0.439384
0.710384
0.895641
0.370788
0.602001
0.84263
0.390217
0.441451
0.62984
0.342951
0.237453
0.467014
0.752025
0.101531
0.317565
0.619089
0.358785
0.359798
0.150891
0.395862
0.843678
0.407498
0.435581
0.250515
0.67439
0.797578
0.419707
0.90725
0.675192
0.446954
0.25598
0.842188
0.764887
0.780227
0.737549
0.439531
0.749017
0.803682
0.436688
0.594321
0.650724
0.864643
0.826537
0.430273
0.81332
0.431522
0.708294
0.59133
0.681301
0.439105
0.0400291
0.264545
0.727783
0.540297
0.50144
0.958094
0.715263
0.145578
0.16872
0.946516
0.473654
0.264527
0.234583
0.203646
0.41109
0.452804
0.0862281
0.584772
0.384815
0.664812
0.870829
0.509406
0.621995
0.529021
0.590367
0.662604
0.91065
0.370488
0.606651
0.307466
0.857668
0.677806
0.750941
0.441915
0.353156
0.463716
0.183975
0.890431
0.30853
0.686667
0.611651
0.630028
0.439759
0.794712
0.595509
0.386326
0.66924
0.315898
0.475827
0.712468
0.719201
0.58695
0.53937
0.275802
0.657609
0.435714
0.369391
0.330364
0.68787
0.329803
0.61862
0.234026
0.925155
0.0224513
0.645058
0.35252
0.775287
0.519906
0.775941
0.567405
0.270596
0.528504
0.735468
0.632888
0.479589
0.716516
0.442832
0.619873
0.342293
0.764159
0.472223
0.438604
0.6314
0.775984
0.238708
0.646186
0.594488
0.387799
0.190592
0.541151
0.351602
0.777385
0.486108
0.180065
0.726913
0.439642
0.533601
0.275265
0.608559
0.634143
0.152867
0.702363
0.694299
0.832897
0.942305
0.776201
0.387351
0.890723
0.295761
0.412601
0.565848
0.439024
0.637303
0.453907
0.69892
0.804305
0.429816
0.49603
0.575388
0.801229
0.24167
0.587014
0.110455
0.245491
0.679925
0.313779
0.736809
0.522301
0.49179
0.460714
0.233304
0.327389
0.372908
0.589233
0.83542
0.38288
0.512886
0.505165
0.63933
0.325249
0.909678
0.372011
0.50845
0.248362
0.745469
0.888529
0.129851
0.505499
0.362305
0.738941
0.882082
0.745038
0.77235
0.549295
0.942101
0.119466
0.778121
0.172474
0.224811
0.558
0.165531
0.801979
0.589488
0.844865
0.336852
0.106986
0.81655
0.655923
0.722216
0.19587
0.11565
0.891555
0.743754
0.466566
0.736052
0.586191
0.422213
0.797359
0.318715
0.312517
0.500448
0.113661
0.48149
0.28433
0.355282
0.315042
0.826827
0.880755
0.688632
0.395101
0.76795
0.524998
0.335077
0.417793
0.573224
0.187671
0.393809
0.559132
0.884555
0.55756
0.229667
0.665717
0.719123
0.742117
0.72762
0.291532
0.689714
0.630833
0.934563
0.912965
0.190846
0.182165
0.255712
0.938636
0.381311
0.772577
0.170158
0.936947
0.503572
0.0828007
0.898349
0.320508
0.298882
0.244106
0.301099
0.483833
0.536137
0.0963275
0.159811
0.383573
0.310219
0.853528
0.725259
0.78091
0.429229
0.620871
0.677903
0.610908
0.319968
0.740922
0.354529
0.846239
0.725051
0.743115
0.340262
0.739254
0.521351
0.017897
0.382968
0.67269
0.352936
0.297448
0.290135
0.310038
0.717919
0.505229
0.386578
0.387475
0.827961
0.471606
0.796118
0.665728
0.197513
0.407206
0.471405
0.864512
0.620592
0.61449
0.778528
0.315183
0.136627
0.413154
0.994792
0.652694
0.77671
0.606298
0.933821
0.788645
0.79061
0.363674
0.340272
0.0486282
0.405313
0.791952
0.704183
0.470117
0.295617
0.693278
0.598493
0.765476
0.430334
0.160988
0.851842
0.36967
0.439981
0.66424
0.811542
0.445118
0.739721
0.51828
0.467348
0.314941
0.771525
0.443887
0.349637
0.47841
0.148361
0.92059
0.33964
0.819879
0.117863
0.334349
0.357128
0.839332
0.0960151
0.700999
0.660368
0.43066
0.534164
0.532123
0.687369
0.462179
0.809284
0.310201
0.821406
0.231584
0.463864
0.360783
0.58426
0.283901
0.210703
0.698481
0.166414
0.0920551
0.885743
0.461473
0.589709
0.679929
0.916944
0.831049
0.539049
0.779793
0.335931
0.561359
0.460883
0.566475
0.566976
0.580741
0.0759436
0.733816
0.487358
0.492093
0.8956
0.663977
0.571658
0.58681
0.697762
0.663594
0.39486
0.492607
0.212861
0.683259
0.59535
0.120867
0.536343
0.3208
0.530176
0.386116
0.682602
0.400047
0.735132
0.435677
0.344322
0.689655
0.446921
0.452001
0.443853
0.454647
0.301455
0.894739
0.559932
0.144599
0.632325
0.376829
0.268492
0.151467
0.731807
0.610735
0.876335
0.280195
0.1464
0.520753
0.506334
0.367718
0.505266
0.398875
0.532855
0.646045
0.459655
0.586555
0.523661
0.355205
0.424684
0.927127
0.76212
0.042361
0.303676
0.474735
0.342066
0.209198
0.454682
0.471903
0.447045
0.573579
0.533342
0.440842
0.490595
0.743089
0.525736
0.637812
0.351541
0.224837
0.760154
0.146283
0.295705
0.356713
0.462024
0.539349
0.460219
0.466489
0.376971
0.362588
0.28232
0.531369
0.428073
0.450252
0.639432
0.548359
0.587418
0.456571
0.622558
0.879879
0.641516
0.520244
0.382924
0.814459
0.397134
0.0947881
0.215051
0.404795
0.56179
0.464269
0.384451
0.819677
0.569642
0.234519
0.847467
0.771733
0.374368
0.362233
0.572742
0.626505
0.445389
0.707198
0.53523
0.72949
0.496906
0.354945
0.697703
0.397055
0.301381
0.646179
0.640438
0.632019
0.703467
0.267511
0.905068
0.750691
0.50337
0.101137
0.668938
0.300655
0.431571
0.409554
0.684164
0.503949
0.616825
0.589393
0.16702
0.339871
0.834777
0.212387
0.58789
0.587348
0.111112
0.803094
0.746058
0.485072
0.154716
0.595172
0.639612
0.844503
0.436553
0.749864
0.312737
0.403375
0.507985
0.82786
0.812977
0.433501
0.101348
0.831295
0.550102
0.625275
0.541784
0.490611
0.403327
0.38343
0.514358
0.204313
0.155585
0.457793
0.895424
0.492094
0.431302
0.322384
0.39823
0.413704
0.190253
0.628975
0.115849
0.601821
0.603889
0.113989
0.0972957
0.365048
0.500131
0.116664
0.691
0.456963
0.242192
0.676694
0.268615
0.482815
0.722269
0.161465
0.169661
0.204009
0.735127
0.552264
0.357284
0.280109
0.585742
0.11105
0.356214
0.0834183
0.819186
0.494152
0.917949
0.872901
0.102705
0.643778
0.859179
0.0971527
0.589828
0.350068
0.24947
0.23692
0.394637
0.686294
0.796454
0.114265
0.70192
0.759864
0.722411
0.887511
0.411545
0.338655
0.619787
0.0359039
0.690034
0.247005
0.599855
0.56228
0.732597
0.43991
0.578616
0.214616
0.766506
0.616885
0.207444
0.469009
0.427638
0.113667
0.4232
0.491378
0.649587
0.0520612
0.656985
0.353192
0.34684
0.470588
0.875841
0.863894
0.0759212
0.114915
0.180803
0.603017
0.612563
0.369774
0.210576
0.47718
0.761647
0.319283
0.631515
0.321766
0.70844
0.882853
0.761526
0.26679
0.401244
0.508504
0.484566
0.925794
0.779334
0.589625
0.544302
0.524929
0.718861
0.0913771
0.720072
0.545037
0.262687
0.286824
0.0825221
0.762861
0.611498
0.176008
0.59082
0.144216
0.59205
0.67505
0.598189
0.296427
0.134744
0.198319
0.452473
0.875932
0.54635
0.233735
0.555544
0.602381
0.534003
0.39558
0.762066
0.49639
0.110862
0.298588
0.162953
0.478454
0.402061
0.500841
0.178956
0.864834
0.0969779
0.450714
0.581413
0.338332
0.449271
0.627708
0.171285
0.267859
0.70239
0.337583
0.538301
0.286173
0.72592
0.272034
0.852812
0.0725201
0.0220038
0.662282
0.638244
0.304092
0.581788
0.254587
0.260749
0.477289
0.458001
0.858632
0.764884
0.748744
0.802402
0.669299
0.702232
0.561519
0.115545
0.69968
0.376022
0.213114
0.576597
0.779011
0.651091
0.660754
0.386512
0.687693
0.780471
0.731709
0.744393
0.233529
0.661055
0.879263
0.230871
0.240785
0.356112
0.306488
0.0365534
0.126413
0.53993
0.561982
0.337207
0.549576
0.526864
0.294203
0.309857
0.0287718
0.341142
0.126688
0.792073
0.697541
0.587887
0.405629
0.314377
0.711676
0.65692
0.635606
0.12663
0.602499
0.435432
0.556191
0.474084
0.486095
0.529652
0.283053
0.788756
0.246295
0.109253
0.325812
0.20283
0.187365
0.48439
0.314458
0.251169
0.705698
0.53475
0.561545
0.335772
0.177645
0.263494
0.29479
0.524572
0.756407
0.513023
0.478986
0.304548
0.145182
0.607885
0.600978
0.328193
0.551618
0.636916
0.140651
0.569084
0.677406
0.462121
0.402363
0.601853
0.659381
0.241628
0.389805
0.192537
0.256345
0.117292
0.609378
0.64308
0.610567
0.195625
0.256594
0.421446
0.243248
0.0921806
0.23608
0.640803
0.572764
0.377577
0.22673
0.550068
0.276103
0.549972
0.702456
0.49461
0.555547
0.795784
0.769545
0.121174
0.677544
0.162308
0.507934
0.322172
0.66351
0.294539
0.48418
0.176662
0.488463
0.729135
0.509067
0.170344
0.50137
0.487656
0.61908
0.434969
0.611797
0.566708
0.4096
0.513821
0.262619
0.451552
0.498694
0.811936
0.199752
0.608941
0.686997
0.917159
0.63863
0.268704
0.387919
0.550693
0.605878
0.0780936
0.304726
0.520947
0.638674
0.559395
0.762385
0.690615
0.347389
0.101759
0.488475
0.269356
0.789587
0.323341
0.207395
0.874578
0.586366
0.333146
0.279388
0.520722
0.361732
0.183852
0.0332084
0.763
0.480304
0.791589
0.177145
0.0800754
0.321469
0.505103
0.673348
0.100245
0.647728
0.391203
0.0140754
0.511174
0.596181
0.221913
0.730569
0.65907
0.172982
0.0427577
0.659695
0.519465
0.222305
0.314084
0.29713
0.326452
0.477366
0.193325
0.079369
0.483423
0.722673
0.580925
0.191677
0.516761
0.554738
0.586252
0.779048
0.561593
0.513599
0.140304
0.432113
0.510823
0.375704
0.709474
0.299188
0.213353
0.287978
0.525363
0.480264
0.389266
0.717467
0.853337
0.637967
0.660716
0.840666
0.651
0.545687
0.643247
0.554229
0.191368
0.169272
0.50085
0.199602
0.36346
0.640027
0.478051
0.453893
0.348086
0.480833
0.433201
0.531915
0.560997
0.730239
0.143549
0.679294
0.456781
0.164902
0.428321
0.0997375
0.45354
0.367379
0.551503
0.299426
0.58146
0.0879628
0.415572
0.680006
0.235597
0.757613
0.823982
0.0880448
0.409613
0.442757
0.444277
0.529235
0.215994
0.499126
0.257088
0.367743
0.692858
0.838068
0.745133
0.433539
0.597912
0.682966
0.374594
0.357307
0.682244
0.665016
0.433198
0.217911
0.216446
0.366962
0.527396
0.468534
0.672331
0.544363
0.353111
0.402943
0.52422
0.431781
0.392341
0.831355
0.666001
0.663755
0.60931
0.680267
0.251315
0.121986
0.494717
0.489131
0.313607
0.126025
0.663049
0.435249
0.715583
0.532707
0.463761
0.680402
0.630734
0.202576
0.183274
0.534124
0.635826
0.0326977
0.306578
0.245363
0.120902
0.882333
0.429323
0.183831
0.0860189
0.587679
0.354936
0.605066
0.407571
0.885358
0.885917
0.353386
0.321738
0.284792
0.194386
0.310454
0.171448
0.608646
0.800398
0.680822
0.857272
0.834912
0.122293
0.617256
0.324727
0.753067
0.846487
0.766889
0.637734
0.534131
0.116902
0.620677
0.625211
0.378644
0.214189
0.64715
0.354534
0.739358
0.210212
0.713218
0.387323
0.395747
0.124957
0.68183
0.612227
0.147822
0.849161
0.396944
0.379039
0.434477
0.190349
0.429624
0.607592
0.598313
0.599095
0.317202
0.626218
0.60507
0.54358
0.706032
0.039275
0.103945
0.446495
0.727674
0.186241
0.818141
0.133303
0.280902
0.462014
0.520568
0.0818368
0.268188
0.791846
0.626376
0.315551
0.710569
0.481159
0.643041
0.554277
0.313418
0.492912
0.538053
0.409791
0.369979
0.799248
0.710922
0.184011
0.407641
0.493975
0.0377078
0.51419
0.167116
0.390891
0.449907
0.172684
0.511754
0.213171
0.483608
0.663684
0.839409
0.385697
0.478441
0.277218
0.515187
0.1217
0.749804
0.342282
0.192479
0.786604
0.321707
0.289904
0.166308
0.679343
0.732262
0.642887
0.392928
0.683526
0.395861
0.564705
0.172656
0.475194
0.189072
0.599546
0.43094
0.434047
0.356348
0.458776
0.455473
0.245223
0.606528
0.286597
0.627861
0.562994
0.553895
0.147975
0.31187
0.49439
0.752461
0.183436
0.65109
0.506638
0.561987
0.426638
0.687838
0.321187
0.501792
0.374424
0.622213
0.537361
0.257386
0.660585
0.519156
0.638413
0.231719
0.738785
0.637559
0.242827
0.134443
0.866228
0.482179
0.856157
0.353646
0.802666
0.733429
0.12778
0.459088
0.476277
0.421785
0.204718
0.497507
0.67832
0.50874
0.877232
0.485755
0.137394
0.32826
0.663347
0.728127
0.743379
0.737834
0.112092
0.410373
0.699864
0.461022
0.351455
0.116294
0.466619
0.308242
0.134023
0.547468
0.594044
