mag n(<mag) err data data_err power_law
12.0 0.040918475359524524 0.001941783743063023 0.040918475359524524 0.001941783743063023 0.6281428034623529
12.1 0.040918475359524524 0.001941783743063023 0.040918475359524524 0.001941783743063023 0.6894849354726428
12.2 0.040918475359524524 0.001941783743063023 0.040918475359524524 0.001941783743063023 0.7568175315354043
12.299999999999999 0.040918475359524524 0.001941783743063023 0.040918475359524524 0.001941783743063023 0.8307256015133138
12.399999999999999 0.040918475359524524 0.001941783743063023 0.040918475359524524 0.001941783743063023 0.91185128563814
12.499999999999998 0.040918475359524524 0.001941783743063023 0.040918475359524524 0.001941783743063023 1.0008994337115278
12.599999999999998 0.040918475359524524 0.001941783743063023 0.040918475359524524 0.001941783743063023 1.098643729157186
12.699999999999998 0.040918475359524524 0.001941783743063023 0.040918475359524524 0.001941783743063023 1.205933411133493
12.799999999999997 0.040918475359524524 0.001941783743063023 0.040918475359524524 0.001941783743063023 1.3237006531118363
12.899999999999997 0.040918475359524524 0.001941783743063023 0.040918475359524524 0.001941783743063023 1.4529686620297573
12.999999999999996 0.040918475359524524 0.001941783743063023 0.040918475359524524 0.001941783743063023 1.594860568388732
13.099999999999996 0.040918475359524524 0.001941783743063023 0.040918475359524524 0.001941783743063023 1.7506091845386327
13.199999999999996 0.040918475359524524 0.001941783743063023 0.040918475359524524 0.001941783743063023 1.921567715934199
13.299999999999995 0.040918475359524524 0.001941783743063023 0.040918475359524524 0.001941783743063023 2.1092215184288787
13.399999999999995 0.040918475359524524 0.001941783743063023 0.040918475359524524 0.001941783743063023 2.315201003759941
13.499999999999995 0.040918475359524524 0.001941783743063023 0.040918475359524524 0.001941783743063023 2.541295805354996
13.599999999999994 0.040918475359524524 0.001941783743063023 0.040918475359524524 0.001941783743063023 2.789470327540445
13.699999999999994 0.040918475359524524 0.001941783743063023 0.040918475359524524 0.001941783743063023 3.061880813252254
13.799999999999994 0.040918475359524524 0.001941783743063023 0.040918475359524524 0.001941783743063023 3.3608940785430894
13.899999999999993 0.040918475359524524 0.001941783743063023 0.040918475359524524 0.001941783743063023 3.6891080766620523
13.999999999999993 0.040918475359524524 0.001941783743063023 0.040918475359524524 0.001941783743063023 4.049374470379657
14.099999999999993 0.040918475359524524 0.001941783743063023 0.040918475359524524 0.001941783743063023 4.444823408679649
14.199999999999992 0.040918475359524524 0.001941783743063023 0.040918475359524524 0.001941783743063023 4.878890723092081
14.299999999999992 0.040918475359524524 0.001941783743063023 0.040918475359524524 0.001941783743063023 5.355347779965591
14.399999999999991 0.040918475359524524 0.001941783743063023 0.040918475359524524 0.001941783743063023 5.878334248053116
14.499999999999991 0.040918475359524524 0.001941783743063023 0.040918475359524524 0.001941783743063023 6.452394066115591
14.59999999999999 0.040918475359524524 0.001941783743063023 0.040918475359524524 0.001941783743063023 7.082514923051772
14.69999999999999 0.040918475359524524 0.001941783743063023 0.040918475359524524 0.001941783743063023 7.774171593581683
14.79999999999999 0.040918475359524524 0.001941783743063023 0.040918475359524524 0.001941783743063023 8.533373506010413
14.89999999999999 0.040918475359524524 0.001941783743063023 0.040918475359524524 0.001941783743063023 9.366716955370485
14.99999999999999 0.040918475359524524 0.001941783743063023 0.040918475359524524 0.001941783743063023 10.281442415602632
15.099999999999989 0.040918475359524524 0.001941783743063023 0.040918475359524524 0.001941783743063023 11.285497448739145
15.199999999999989 0.040918475359524524 0.001941783743063023 0.040918475359524524 0.001941783743063023 12.387605757683994
15.299999999999988 0.040918475359524524 0.001941783743063023 0.040918475359524524 0.001941783743063023 13.597342982563928
15.399999999999988 0.040918475359524524 0.001941783743063023 0.040918475359524524 0.001941783743063023 14.925219899217272
15.499999999999988 0.040918475359524524 0.001941783743063023 0.040918475359524524 0.001941783743063023 16.38277374270194
15.599999999999987 0.040918475359524524 0.001941783743063023 0.040918475359524524 0.001941783743063023 17.98266844929987
15.699999999999987 0.040918475359524524 0.001941783743063023 0.040918475359524524 0.001941783743063023 19.73880468798534
15.799999999999986 0.040918475359524524 0.001941783743063023 0.040918475359524524 0.001941783743063023 21.66644063738156
15.899999999999986 0.040918475359524524 0.001941783743063023 0.040918475359524524 0.001941783743063023 23.782324557595214
15.999999999999986 0.040918475359524524 0.001941783743063023 0.040918475359524524 0.001941783743063023 26.104840308799442
16.099999999999987 0.040918475359524524 0.001941783743063023 0.040918475359524524 0.001941783743063023 28.654167080927603
16.199999999999985 0.040918475359524524 0.001941783743063023 0.040918475359524524 0.001941783743063023 31.452454722314442
16.299999999999983 0.07931565699281225 0.03915091441367078 0.07931565699281225 0.03915091441367078 34.52401619065882
16.399999999999984 0.07931565699281225 0.03915091441367078 0.07931565699281225 0.03915091441367078 37.89553879844921
16.499999999999986 0.07931565699281225 0.03915091441367078 0.07931565699281225 0.03915091441367078 41.59631608829617
16.599999999999984 0.07931565699281225 0.03915091441367078 0.07931565699281225 0.03915091441367078 45.658502352862335
16.69999999999998 0.07931565699281225 0.03915091441367078 0.07931565699281225 0.03915091441367078 50.11739201083295
16.799999999999983 0.11763602732931061 0.0525865399891369 0.11763602732931061 0.0525865399891369 55.01172626633656
16.899999999999984 0.11763602732931061 0.0525865399891369 0.11763602732931061 0.0525865399891369 60.38402971628524
16.999999999999982 0.11763602732931061 0.0525865399891369 0.11763602732931061 0.0525865399891369 66.28097983031346
17.09999999999998 0.11763602732931061 0.0525865399891369 0.11763602732931061 0.0525865399891369 72.75381251361499
17.19999999999998 0.11763602732931061 0.0525865399891369 0.11763602732931061 0.0525865399891369 79.85876727649199
17.299999999999983 0.15595639766580902 0.08331559730546745 0.15595639766580902 0.08331559730546745 87.65757587856315
17.39999999999998 0.3859066394080166 0.11452308437097172 0.3859066394080166 0.11452308437097172 96.21799869332133
17.49999999999998 0.46256084295578603 0.15397130514325202 0.46256084295578603 0.15397130514325202 105.61441345335669
17.59999999999998 0.7309179852414056 0.22438139387008707 0.7309179852414056 0.22438139387008707 115.92846149168558
17.69999999999998 1.4593621195987974 0.3852522441880555 1.4593621195987974 0.3852522441880555 127.24975709419664
17.79999999999998 3.185093477100822 0.691366855588044 3.185093477100822 0.691366855588044 139.67666612658357
17.899999999999977 6.214399195731002 1.3642011817250217 6.214399195731002 1.3642011817250217 153.31716070104306
17.99999999999998 10.317987204096173 1.7855799791348164 10.317987204096173 1.7855799791348164 168.2897573087049
18.09999999999998 17.145908446903796 2.280631624785133 17.145908446903796 2.280631624785133 184.72454656898157
18.199999999999978 26.274005454828256 3.078720763759463 26.274005454828256 3.078720763759463 202.76432354306377
18.299999999999976 39.16306982847826 4.0865342212757945 39.16306982847826 4.0865342212757945 222.56582843256615
18.399999999999977 55.2738649847618 4.882677363332796 55.2738649847618 4.882677363332796 244.30110844343616
18.49999999999998 74.83678060533413 5.851824925248165 74.83678060533413 5.851824925248165 268.15901264802534
18.599999999999977 98.23621344783498 7.01551661107258 98.23621344783498 7.01551661107258 294.3468328338187
18.699999999999974 125.73869575534411 7.879121057254725 125.73869575534411 7.879121057254725 323.0921045957577
18.799999999999976 156.0027506888945 8.901744079754293 156.0027506888945 8.901744079754293 354.6445843214167
18.899999999999977 193.28593411444888 9.978612653968547 193.28593411444888 9.978612653968547 389.2784192465987
18.999999999999975 235.01971088673585 11.86772182607476 235.01971088673585 11.86772182607476 427.29452943647175
19.099999999999973 280.051070925262 13.198696198863665 280.051070925262 13.198696198863665 469.0232223887354
19.199999999999974 330.6429714487099 15.151415009165868 330.6429714487099 15.151415009165868 514.8270629765223
19.299999999999976 387.94759357548213 16.946423177172314 387.94759357548213 16.946423177172314 565.1040236673405
19.399999999999974 456.4952978490861 20.546385554029296 456.4952978490861 20.546385554029296 620.2909423896468
19.49999999999997 525.9947985193069 22.790982470104257 525.9947985193069 22.790982470104257 680.8673180917154
19.599999999999973 605.0477970930434 25.195534248800936 605.0477970930434 25.195534248800936 747.3594769716226
19.699999999999974 695.1504690534769 28.429397964171944 695.1504690534769 28.429397964171944 820.3451455778759
19.799999999999972 794.2997056108495 31.72060502234281 794.2997056108495 31.72060502234281 900.4584705154579
19.89999999999997 903.1210637498042 35.115694247251255 903.1210637498042 35.115694247251255 988.3955283725281
19.99999999999997 1020.8029835915441 39.91018417813036 1020.8029835915441 39.91018417813036 1084.9203737424587
20.099999999999973 1149.1814712788723 42.03598929525268 1149.1814712788723 42.03598929525268 1190.8716778913397
20.19999999999997 1288.6457096085878 45.85587405064153 1288.6457096085878 45.85587405064153 1307.1700157531357
20.29999999999997 1448.9783912948462 50.22558749560858 1448.9783912948462 50.22558749560858 1434.8258645678568
20.39999999999997 1617.824883790106 54.846734899735964 1617.824883790106 54.846734899735964 1574.948383661495
20.49999999999997 1800.555972093376 60.61062013934803 1800.555972093376 60.61062013934803 1728.7550516537108
20.59999999999997 1999.894593192617 65.09507282040701 1999.894593192617 65.09507282040701 1897.5822448293702
20.699999999999967 2214.2312273974953 71.905749349245 2214.2312273974953 71.905749349245 2082.8968485876467
20.79999999999997 2449.049895291728 78.19436744419065 2449.049895291728 78.19436744419065 2286.3090028586366
20.89999999999997 2702.667034623946 87.36120366487081 2702.667034623946 87.36120366487081 2509.5860922304614
20.999999999999968 2983.7046027876395 96.31812269568528 2983.7046027876395 96.31812269568528 2754.6681023449046
21.099999999999966 3283.5791365826644 104.79354680090619 3283.5791365826644 104.79354680090619 3023.684475991013
21.199999999999967 3607.194613242956 113.68579644213085 3607.194613242956 113.68579644213085 3318.972615356734
21.29999999999997 3962.9907801349145 122.45220998954474 3962.9907801349145 122.45220998954474 3643.098191202031
21.399999999999967 4343.793996928257 131.85701744329742 4343.793996928257 131.85701744329742 3998.877435417129
21.499999999999964 4757.808851672998 140.91844734412336 4757.808851672998 140.91844734412336 4389.401610662865
21.599999999999966 5198.181659015627 151.97358720888553 5198.181659015627 151.97358720888553 4818.063869706588
21.699999999999967 5679.740443095745 163.55129909067014 5679.740443095745 163.55129909067014 5288.588737830994
21.799999999999965 6201.688692204893 172.1901326312537 6201.688692204893 172.1901326312537 5805.064474484924
21.899999999999963 6768.371552703934 185.07911408846314 6768.371552703934 185.07911408846314 6371.97859536265
21.999999999999964 7377.891466952183 195.85664011508405 7377.891466952183 195.85664011508405 6994.2568635586995
22.099999999999966 8048.015001758523 209.86573595752634 8048.015001758523 209.86573595752634 7677.306088588115
22.199999999999964 8781.577253971536 224.13770119934446 8781.577253971536 224.13770119934446 8427.061105148183
22.29999999999996 9587.972057984842 240.46295256402604 9587.972057984842 240.46295256402604 9250.036339815197
22.399999999999963 10461.568227384252 258.75564106696197 10461.568227384252 258.75564106696197 10153.382413733869
22.499999999999964 11410.764885799525 280.0513770376363 11410.764885799525 280.0513770376363 11144.94827311476
22.599999999999962 12442.771670442402 299.30645798494146 12442.771670442402 299.30645798494146 12233.349387385906
22.69999999999996 13568.076194630634 322.38252738168467 13568.076194630634 322.38252738168467 13428.04260756625
22.79999999999996 14802.611033414678 346.0809710390099 14802.611033414678 346.0809710390099 14739.408335298485
22.899999999999963 16159.88726634998 369.1292707342527 16159.88726634998 369.1292707342527 16178.840716501649
22.99999999999996 17666.75149342307 392.6731664239991 17666.75149342307 392.6731664239991 17758.84664332887
23.09999999999996 19313.655753227198 411.59419983241844 19313.655753227198 411.59419983241844 19493.154424651213
23.19999999999996 21108.146242119925 440.60275026513415 21108.146242119925 440.60275026513415 21396.833069296932
23.29999999999996 23118.851136774632 468.9118645402599 23118.851136774632 468.9118645402599 23486.423218490872
23.39999999999996 25344.65895982208 501.76686790260493 25344.65895982208 501.76686790260493 25780.080865157517
23.499999999999957 27808.322054163957 537.0921323095099 27808.322054163957 537.0921323095099 28297.735108856265
23.59999999999996 30567.8972245948 573.0543513542598 30567.8972245948 573.0543513542598 31061.261317072185
23.69999999999996 33626.493742749655 613.8315075685936 33626.493742749655 613.8315075685936 34094.671197451935
23.799999999999958 37042.02700407183 658.9555949877986 37042.02700407183 658.9555949877986 37424.321432513745
23.899999999999956 40792.45741835734 702.1535247766137 40792.45741835734 702.1535247766137 41079.14268964886
23.999999999999957 44978.63903089039 756.9065928167847 44978.63903089039 756.9065928167847 45090.89099627254
24.09999999999996 49569.708756652544 819.2634114359644 49569.708756652544 819.2634114359644 49494.42366431399
24.199999999999957 54639.595953543736 881.3250320657206 54639.595953543736 881.3250320657206 54328.002161544995
24.299999999999955 60187.9413970069 947.2682100240411 60187.9413970069 947.2682100240411 59633.62456138653
24.399999999999956 66195.93990623506 1025.6009625321756 66195.93990623506 1025.6009625321756 65457.39045984034
24.499999999999957 72706.90350001097 1103.2497204049332 72706.90350001097 1103.2497204049332 71849.90153030147
24.599999999999955 79753.36284641837 1176.2275760121465 79753.36284641837 1176.2275760121465 78866.70119666558
24.699999999999953 87302.76028487203 1261.963660558203 87302.76028487203 1261.963660558203 86568.75724504449
24.799999999999955 95343.64683843464 1347.3741254926863 95343.64683843464 1347.3741254926863 95022.99156749547
24.899999999999956 103882.13966046683 1453.6907980519754 103882.13966046683 1453.6907980519754 104302.8616407064
24.999999999999954 112935.43276144647 1557.9548906304801 112935.43276144647 1557.9548906304801 114488.99879210262
25.09999999999995 125669.90879927081 1689.0368752372933 122505.4157676229 1659.7872708503558 125669.90879927081
25.199999999999953 137942.7409102081 1823.04965219941 132549.86263233892 1776.6911190648564 137942.7409102081
25.299999999999955 151414.1319664218 1970.0782671051923 143051.6871754476 1895.5433592943873 151414.1319664218
25.399999999999952 166201.1329634771 2131.829038070185 153957.42521987078 2024.2928828954102 166201.1329634771
25.49999999999995 182432.2260998898 2310.268053294585 165289.74324794635 2156.945119503721 182432.2260998898
25.59999999999995 200248.44115151901 2507.6569983374934 176948.48455177675 2307.340209706104 200248.44115151901
25.699999999999953 219804.58087166658 2726.592397784324 188967.5143969234 2448.5028971123293 219804.58087166658
25.79999999999995 241270.5660644161 2970.0484132544148 201270.32295483048 2595.1693521680645 241270.5660644161
25.89999999999995 264832.9120185984 3241.423392943698 213725.38401901585 2753.331163872976 264832.9120185984
25.99999999999995 290696.34913116036 3544.590453449658 226244.73166264748 2933.7465272077857 290696.34913116036
26.09999999999995 319085.60180160095 3883.9524927239877 238608.8815141448 3149.092979251959 319085.60180160095
26.19999999999995 350247.34105436597 4264.502179070889 250570.0201273072 3367.760379126865 350247.34105436597
26.299999999999947 384452.3278556239 4691.887627028695 261963.26998529345 3589.58508957283 384452.3278556239
26.39999999999995 421997.76574780105 5172.484645683563 272718.1986170536 3822.997862171174 421997.76574780105
26.49999999999995 463209.88324405084 5713.47661705072 282534.10115947423 4069.3276797093545 463209.88324405084
26.599999999999948 508446.76842122944 6322.943222289427 291306.23361479223 4337.1527016563405 508446.76842122944
26.699999999999946 558101.4803413332 7009.959375982573 298846.0020737581 4611.674727575987 558101.4803413332
26.799999999999947 612605.4643367156 7784.70585303509 305143.7347104805 4880.811705055603 612605.4643367156
26.89999999999995 672432.3008347569 8658.593203120348 310311.7100470915 5144.982524227928 672432.3008347569
26.999999999999947 738101.8202957844 9644.400652172855 314529.48563834745 5403.4993561755755 738101.8202957844
27.099999999999945 810184.6200192504 10756.431798937143 318025.15667570935 5651.390024707384 810184.6200192504
27.199999999999946 889307.0220650501 12010.689037670196 320901.9015142907 5862.101061789715 889307.0220650501
27.299999999999947 976156.5153697687 13425.068784315808 323266.93750202196 6045.306762713096 976156.5153697687
27.399999999999945 1071487.7293448977 15019.579760486602 325236.2802134675 6200.092955749808 1071487.7293448977
27.499999999999943 1176128.990862149 16816.58680186558 326885.21771213505 6333.7232444667 1176128.990862149
27.599999999999945 1290989.5216001116 18841.082908671317 328238.0778487565 6444.999798547037 1290989.5216001116
27.699999999999946 1417067.3382907182 21120.992547237165 329366.53867030033 6540.009030067578 1417067.3382907182
27.799999999999944 1555457.9245115821 23687.50954516369 330331.16302338406 6625.246412704504 1555457.9245115821
27.89999999999994 1707363.749374328 26575.473298745816 331151.3413167909 6695.062061001651 1707363.749374328
27.999999999999943 1874104.715817784 29823.78743283463 331841.96815349633 6752.666131849007 1874104.715817784
28.099999999999945 2057129.6292925063 33475.88552156937 332440.97581235407 6803.171619268421 2057129.6292925063
28.199999999999942 2258028.786489354 37580.248997787996 332967.4199688632 6845.751736314783 2258028.786489354
28.29999999999994 2478547.7934971084 42190.98295295562 333437.1028750458 6886.644667807915 2478547.7934971084
28.39999999999994 2720602.7334567835 47368.4561634876 333848.9870010108 6920.983976574539 2720602.7334567835
28.499999999999943 2986296.8155063638 53180.012379710744 334231.56908715295 6953.433473770128 2986296.8155063638
28.59999999999994 3277938.649680841 59700.7606876869 334578.37619426183 6981.980099304934 3277938.649680841
28.69999999999994 3598062.3065606877 67014.45360837439 334888.0556302377 7007.690496099954 3598062.3065606877
28.79999999999994 3949449.335969703 75214.46254436258 335182.1630080678 7030.977849233036 3949449.335969703
28.89999999999994 4335152.93604601 84404.86122862485 335460.51036470546 7053.495499711289 4335152.93604601
28.99999999999994 4758524.482694718 94701.62898632848 335714.7741232811 7074.476109961049 4758524.482694718
29.099999999999937 5223242.64994079 106233.98689908264 335961.4842461125 7092.335860125601 5223242.64994079
29.19999999999994 5733345.374213162 119145.88137654148 336195.0797540394 7109.287176195921 5733345.374213162
29.29999999999994 6293264.940302974 133597.63120573273 336409.15679829696 7125.215307148503 6293264.940302974
29.399999999999938 6907866.493863476 149767.7558826508 336611.1511747476 7140.476757703137 6907866.493863476
29.499999999999936 7582490.315093186 167855.00494741666 336807.849947407 7154.303098288993 7582490.315093186
29.599999999999937 8322998.220925243 188080.61016901262 336995.6926168598 7166.049528316867 8322998.220925243
29.69999999999994 9135824.498919852 210690.78477259172 337172.7210296232 7177.133189813701 9135824.498919852
29.799999999999937 10028031.815433359 235959.4965045563 337335.8653944673 7186.863923146041 10028031.815433359
29.899999999999935 11007372.583860276 264191.5442060795 337499.0469335344 7195.925852453582 11007372.583860276
