8.8  -2.009 +0.054 -0.048 0.20 172  -999  -999  -999  -999  -999  -999  -999  -999  -999  -999  -999  -999  -999  -999  -999  -999  -999  -999  -999  -999  -999  -999  -999  -999  -999 
8.9  -2.039 +0.056 -0.050 0.20 157  -999  -999  -999  -999  -999  -999  -999  -999  -999  -999  -999  -999  -999  -999  -999  -999  -999  -999  -999  -999  -999  -999  -999  -999  -999 
9.0  -2.160 +0.045 -0.041 0.10 146  -999  -999  -999  -999  -999  -999  -999  -999  -999  -999  -999  -999  -999  -999  -999  -999  -999  -999  -999  -999  -999  -999  -999  -999  -999 
9.1  -2.185 +0.050 -0.045 0.20 140  -999  -999  -999  -999  -999  -999  -999  -999  -999  -999  -999  -999  -999  -999  -999  -999  -999  -999  -999  -999  -999  -999  -999  -999  -999 
9.2  -2.078 +0.066 -0.057 0.10 160  -2.132 +0.043 -0.040 0.088 240  -999  -999  -999  -999  -999  -999  -999  -999  -999  -999  -999  -999  -999  -999  -999  -999  -999  -999  -999  -999 
9.3  -2.085 +0.061 -0.054 0.099 170  -2.210 +0.042 -0.038 0.080 218  -999  -999  -999  -999  -999  -999  -999  -999  -999  -999  -999  -999  -999  -999  -999  -999  -999  -999  -999  -999 
9.4  -2.142 +0.038 -0.035 0.089 190  -2.190 +0.079 -0.068 0.20 200  -999  -999  -999  -999  -999  -999  -999  -999  -999  -999  -999  -999  -999  -999  -999  -999  -999  -999  -999  -999 
9.5  -2.155 +0.036 -0.033 0.042 202  -2.183 +0.055 -0.049 0.20 238  -999  -999  -999  -999  -999  -999  -999  -999  -999  -999  -999  -999  -999  -999  -999  -999  -999  -999  -999  -999 
9.6  -2.124 +0.036 -0.033 0.045 227  -2.282 +0.032 -0.030 0.10 237  -2.292 +0.072 -0.063 0.20 243  -999  -999  -999  -999  -999  -999  -999  -999  -999  -999  -999  -999  -999  -999  -999 
9.7  -2.200 +0.037 -0.034 0.044 206  -2.258 +0.030 -0.028 0.094 263  -2.347 +0.031 -0.029 0.20 268  -999  -999  -999  -999  -999  -999  -999  -999  -999  -999  -999  -999  -999  -999  -999 
9.8  -2.212 +0.034 -0.031 0.040 207  -2.235 +0.038 -0.035 0.078 288  -2.289 +0.030 -0.028 0.10 311  -999  -999  -999  -999  -999  -999  -999  -999  -999  -999  -999  -999  -999  -999  -999 
9.9  -2.242 +0.034 -0.032 0.035 197  -2.241 +0.029 -0.027 0.080 290  -2.308 +0.040 -0.036 0.097 308  -999  -999  -999  -999  -999  -999  -999  -999  -999  -999  -999  -999  -999  -999  -999 
10.0  -2.215 +0.038 -0.035 0.052 199  -2.208 +0.031 -0.029 0.031 327  -2.325 +0.028 -0.027 0.060 328  -2.419 +0.036 -0.033 0.074 459  -999  -999  -999  -999  -999  -999  -999  -999  -999  -999 
10.1  -2.320 +0.037 -0.034 0.033 169  -2.288 +0.033 -0.030 0.071 288  -2.253 +0.087 -0.073 0.023 342  -2.394 +0.027 -0.026 0.058 499  -999  -999  -999  -999  -999  -999  -999  -999  -999  -999 
10.2  -2.285 +0.035 -0.033 0.073 184  -2.241 +0.026 -0.024 0.041 338  -2.342 +0.030 -0.028 0.093 322  -2.371 +0.022 -0.021 0.048 550  -999  -999  -999  -999  -999  -999  -999  -999  -999  -999 
10.3  -2.330 +0.038 -0.035 0.039 166  -2.233 +0.027 -0.025 0.017 341  -2.372 +0.027 -0.025 0.055 326  -2.388 +0.027 -0.025 0.036 550  -999  -999  -999  -999  -999  -999  -999  -999  -999  -999 
10.4  -2.350 +0.038 -0.035 0.039 158  -2.290 +0.027 -0.025 0.043 316  -2.327 +0.036 -0.033 0.026 357  -2.382 +0.021 -0.020 0.050 588  -2.387 +0.022 -0.021 0.047 593  -999  -999  -999  -999  -999 
10.5  -2.380 +0.039 -0.036 0.062 154  -2.283 +0.027 -0.025 0.050 309  -2.332 +0.030 -0.028 0.072 369  -2.346 +0.020 -0.019 0.035 667  -2.320 +0.027 -0.025 0.037 672  -999  -999  -999  -999  -999 
10.6  -2.396 +0.041 -0.037 0.067 145  -2.332 +0.028 -0.027 0.082 278  -2.384 +0.028 -0.026 0.065 336  -2.408 +0.020 -0.019 0.031 614  -2.353 +0.033 -0.031 0.055 673  -999  -999  -999  -999  -999 
10.7  -2.422 +0.043 -0.039 0.040 132  -2.407 +0.031 -0.029 0.060 238  -2.360 +0.033 -0.031 0.049 331  -2.431 +0.020 -0.019 0.039 609  -2.387 +0.029 -0.027 0.053 673  -999  -999  -999  -999  -999 
10.8  -2.542 +0.052 -0.047 0.033 94  -2.472 +0.034 -0.032 0.070 199  -2.493 +0.029 -0.028 0.086 265  -2.502 +0.021 -0.020 0.038 525  -2.443 +0.020 -0.019 0.045 667  -2.583 +0.028 -0.026 0.084 521 
10.9  -2.642 +0.063 -0.055 0.074 69  -2.579 +0.042 -0.039 0.083 150  -2.644 +0.039 -0.036 0.041 187  -2.602 +0.025 -0.023 0.031 428  -2.487 +0.023 -0.022 0.054 626  -2.658 +0.023 -0.022 0.052 517 
11.0  -2.784 +0.089 -0.075 0.10 39  -2.709 +0.046 -0.042 0.048 117  -2.734 +0.039 -0.036 0.058 159  -2.729 +0.027 -0.025 0.023 329  -2.599 +0.033 -0.031 0.052 473  -2.701 +0.028 -0.026 0.061 499 
11.1  -2.83 +0.10 -0.084 0.30 30  -2.819 +0.052 -0.047 0.037 90  -2.978 +0.052 -0.047 0.084 93  -2.921 +0.033 -0.031 0.058 212  -2.772 +0.028 -0.026 0.040 352  -2.842 +0.028 -0.026 0.059 398 
11.2  -3.17 +0.40 -0.20 0.073 8  -3.109 +0.076 -0.065 0.059 46  -3.114 +0.066 -0.057 0.10 64  -3.118 +0.042 -0.039 0.065 139  -2.919 +0.042 -0.039 0.091 235  -3.039 +0.035 -0.032 0.036 274 
11.3  -3.54 +0.30 -0.20 0.030 6  -3.34 +0.10 -0.086 0.090 27  -3.46 +0.10 -0.083 0.10 30  -3.311 +0.059 -0.052 0.076 82  -3.233 +0.045 -0.041 0.065 133  -3.296 +0.039 -0.036 0.077 169 
11.4  -999  -999  -999  -999  -999  -3.58 +0.20 -0.10 0.079 12  -3.67 +0.10 -0.10 0.20 17  -3.649 +0.083 -0.071 0.083 42  -3.470 +0.056 -0.050 0.10 81  -3.453 +0.079 -0.068 0.063 100 
11.5  -999  -999  -999  -999  -999  -4.34 +0.40 -0.20 0.044 3  -4.12 +0.30 -0.20 0.047 6  -3.80 +0.10 -0.10 0.094 23  -3.93 +0.10 -0.097 0.20 22  -3.77 +0.10 -0.090 0.084 50 
11.6  -999  -999  -999  -999  -999  -999  -999  -999  -999  -999  -4.35 +0.40 -0.20 0.091 4  -4.52 +0.20 -0.20 0.10 7  -4.22 +0.20 -0.10 0.088 11  -4.32 +0.10 -0.10 0.087 19 
11.7  -999  -999  -999  -999  -999  -999  -999  -999  -999  -999  -5.09 +1.00 -0.40 0.50 1  -4.21 +0.20 -0.20 0.10 8  -4.60 +0.30 -0.20 0.20 5  -4.44 +0.20 -0.20 0.10 11 
11.8  -999  -999  -999  -999  -999  -999  -999  -999  -999  -999  -5.05 +1.00 -0.40 0.50 1  -999  -999  -999  -999  -999  -4.94 +1.00 -0.40 0.40 1  -5.07 +0.40 -0.20 0.088 3 
11.9  -999  -999  -999  -999  -999  -999  -999  -999  -999  -999  -999  -999  -999  -999  -999  -999  -999  -999  -999  -999  -4.48 +1.00 -0.40 0.10 1  -999  -999  -999  -999  -999 
12.0  -999  -999  -999  -999  -999  -999  -999  -999  -999  -999  -999  -999  -999  -999  -999  -999  -999  -999  -999  -999  -5.48 +1.00 -0.40 1.4 1  -5.71 +1.00 -0.40 0.40 1 
8.8  -2.014 +0.054 -0.049 0.20 171  -999  -999  -999  -999  -999  -999  -999  -999  -999  -999  -999  -999  -999  -999  -999  -999  -999  -999  -999  -999  -999  -999  -999  -999  -999 
8.9  -2.125 +0.043 -0.040 0.084 149  -999  -999  -999  -999  -999  -999  -999  -999  -999  -999  -999  -999  -999  -999  -999  -999  -999  -999  -999  -999  -999  -999  -999  -999  -999 
9.0  -2.205 +0.044 -0.040 0.10 140  -999  -999  -999  -999  -999  -999  -999  -999  -999  -999  -999  -999  -999  -999  -999  -999  -999  -999  -999  -999  -999  -999  -999  -999  -999 
9.1  -2.250 +0.045 -0.041 0.20 133  -2.156 +0.057 -0.051 0.097 196  -999  -999  -999  -999  -999  -999  -999  -999  -999  -999  -999  -999  -999  -999  -999  -999  -999  -999  -999  -999 
9.2  -2.133 +0.071 -0.062 0.10 147  -2.196 +0.032 -0.030 0.085 235  -999  -999  -999  -999  -999  -999  -999  -999  -999  -999  -999  -999  -999  -999  -999  -999  -999  -999  -999  -999 
9.3  -2.114 +0.064 -0.056 0.087 160  -2.290 +0.034 -0.031 0.073 209  -999  -999  -999  -999  -999  -999  -999  -999  -999  -999  -999  -999  -999  -999  -999  -999  -999  -999  -999  -999 
9.4  -2.216 +0.038 -0.035 0.099 171  -2.316 +0.041 -0.037 0.20 188  -2.325 +0.034 -0.032 0.10 228  -999  -999  -999  -999  -999  -999  -999  -999  -999  -999  -999  -999  -999  -999  -999 
9.5  -2.233 +0.037 -0.034 0.052 180  -2.294 +0.034 -0.031 0.10 220  -2.335 +0.034 -0.032 0.10 248  -999  -999  -999  -999  -999  -999  -999  -999  -999  -999  -999  -999  -999  -999  -999 
9.6  -2.231 +0.035 -0.033 0.053 195  -2.364 +0.034 -0.031 0.088 208  -2.318 +0.077 -0.066 0.20 233  -999  -999  -999  -999  -999  -999  -999  -999  -999  -999  -999  -999  -999  -999  -999 
9.7  -2.289 +0.041 -0.038 0.047 170  -2.340 +0.032 -0.030 0.075 229  -2.369 +0.032 -0.030 0.20 261  -2.438 +0.029 -0.027 0.20 383  -999  -999  -999  -999  -999  -999  -999  -999  -999  -999 
9.8  -2.336 +0.039 -0.036 0.036 159  -2.346 +0.030 -0.029 0.054 248  -2.364 +0.032 -0.029 0.10 280  -2.528 +0.027 -0.025 0.20 354  -999  -999  -999  -999  -999  -999  -999  -999  -999  -999 
9.9  -2.347 +0.039 -0.036 0.042 154  -2.354 +0.033 -0.031 0.074 233  -2.402 +0.033 -0.030 0.087 275  -2.493 +0.033 -0.031 0.10 390  -999  -999  -999  -999  -999  -999  -999  -999  -999  -999 
10.0  -2.364 +0.046 -0.042 0.032 143  -2.354 +0.038 -0.035 0.030 236  -2.430 +0.031 -0.029 0.033 276  -2.480 +0.039 -0.036 0.052 421  -2.642 +0.029 -0.027 0.20 329  -999  -999  -999  -999  -999 
10.1  -2.509 +0.047 -0.043 0.035 109  -2.452 +0.042 -0.039 0.081 200  -2.36 +0.10 -0.093 0.048 268  -2.516 +0.024 -0.022 0.037 434  -2.637 +0.032 -0.030 0.082 329  -999  -999  -999  -999  -999 
10.2  -2.526 +0.047 -0.043 0.077 108  -2.426 +0.032 -0.030 0.038 224  -2.502 +0.036 -0.033 0.090 235  -2.491 +0.025 -0.024 0.018 443  -2.564 +0.030 -0.028 0.055 406  -999  -999  -999  -999  -999 
10.3  -2.576 +0.050 -0.045 0.039 97  -2.430 +0.032 -0.030 0.026 223  -2.530 +0.032 -0.030 0.050 234  -2.593 +0.025 -0.023 0.046 384  -2.527 +0.031 -0.029 0.041 429  -2.639 +0.066 -0.058 0.064 340 
10.4  -2.715 +0.058 -0.051 0.10 74  -2.515 +0.035 -0.033 0.054 188  -2.545 +0.032 -0.029 0.055 231  -2.593 +0.026 -0.025 0.056 380  -2.561 +0.025 -0.024 0.038 438  -2.697 +0.057 -0.051 0.10 323 
10.5  -2.614 +0.052 -0.046 0.065 92  -2.542 +0.037 -0.034 0.045 172  -2.556 +0.036 -0.033 0.063 227  -2.566 +0.028 -0.026 0.026 412  -2.575 +0.025 -0.024 0.063 441  -2.783 +0.044 -0.040 0.081 304 
10.6  -2.691 +0.059 -0.053 0.083 73  -2.640 +0.041 -0.038 0.056 139  -2.617 +0.038 -0.035 0.044 197  -2.646 +0.028 -0.026 0.044 357  -2.579 +0.050 -0.045 0.075 401  -2.873 +0.036 -0.034 0.038 301 
10.7  -2.769 +0.065 -0.057 0.066 61  -2.736 +0.046 -0.041 0.056 116  -2.615 +0.036 -0.033 0.074 195  -2.686 +0.028 -0.026 0.048 332  -2.612 +0.045 -0.041 0.082 390  -2.944 +0.034 -0.031 0.066 289 
10.8  -2.894 +0.087 -0.073 0.096 39  -2.865 +0.055 -0.049 0.071 83  -2.762 +0.041 -0.037 0.069 146  -2.815 +0.031 -0.029 0.045 252  -2.744 +0.029 -0.027 0.053 333  -2.908 +0.041 -0.038 0.10 280 
10.9  -3.18 +0.10 -0.10 0.028 19  -2.905 +0.059 -0.052 0.063 74  -2.978 +0.067 -0.059 0.071 84  -2.980 +0.035 -0.033 0.033 189  -2.788 +0.037 -0.034 0.079 304  -3.011 +0.036 -0.033 0.079 242 
11.0  -3.38 +0.20 -0.20 0.20 7  -3.113 +0.078 -0.067 0.054 46  -3.117 +0.061 -0.054 0.092 69  -3.139 +0.043 -0.039 0.023 130  -3.000 +0.042 -0.038 0.049 193  -3.113 +0.043 -0.039 0.10 203 
11.1  -3.37 +0.20 -0.10 0.094 10  -3.43 +0.10 -0.090 0.086 24  -3.347 +0.083 -0.070 0.061 40  -3.368 +0.060 -0.053 0.090 73  -3.148 +0.045 -0.041 0.097 139  -3.279 +0.044 -0.040 0.10 148 
11.2  -999  -999  -999  -999  -999  -3.67 +0.20 -0.10 0.076 13  -3.54 +0.10 -0.093 0.10 24  -3.539 +0.069 -0.060 0.084 55  -3.286 +0.059 -0.052 0.10 107  -3.405 +0.063 -0.055 0.065 114 
11.3  -4.60 +1.00 -0.40 1.6 1  -4.04 +0.40 -0.20 0.20 4  -3.83 +0.20 -0.10 0.090 13  -3.93 +0.10 -0.100 0.10 20  -3.671 +0.072 -0.063 0.10 51  -3.630 +0.063 -0.056 0.095 72 
11.4  -999  -999  -999  -999  -999  -4.15 +0.40 -0.20 0.20 3  -4.23 +0.40 -0.20 0.20 4  -4.08 +0.20 -0.10 0.10 15  -4.04 +0.10 -0.092 0.096 23  -3.92 +0.10 -0.087 0.10 37 
11.5  -999  -999  -999  -999  -999  -4.57 +0.60 -0.30 0.60 2  -4.73 +1.00 -0.40 0.70 1  -4.66 +0.30 -0.20 0.50 5  -4.43 +0.20 -0.20 0.20 7  -4.22 +0.10 -0.10 0.046 19 
11.6  -999  -999  -999  -999  -999  -999  -999  -999  -999  -999  -5.01 +1.00 -0.40 1.4 1  -5.34 +1.00 -0.40 0.0089 1  -5.06 +0.60 -0.30 1.0 2  -5.05 +0.40 -0.20 0.10 3 
11.7  -999  -999  -999  -999  -999  -999  -999  -999  -999  -999  -999  -999  -999  -999  -999  -4.81 +0.40 -0.20 0.0026 3  -4.75 +0.50 -0.30 0.50 3  -4.81 +0.60 -0.30 0.20 3 
11.8  -999  -999  -999  -999  -999  -999  -999  -999  -999  -999  -999  -999  -999  -999  -999  -999  -999  -999  -999  -999  -4.94 +1.00 -0.40 0.80 1  -5.42 +1.00 -0.40 0.60 1 
12.0  -999  -999  -999  -999  -999  -999  -999  -999  -999  -999  -999  -999  -999  -999  -999  -999  -999  -999  -999  -999  -5.48 +1.00 -0.40 2.7 1  -999  -999  -999  -999  -999 
9.3  -3.27 +0.20 -0.10 0.20 10  -999  -999  -999  -999  -999  -999  -999  -999  -999  -999  -999  -999  -999  -999  -999  -999  -999  -999  -999  -999  -999  -999  -999  -999  -999 
9.4  -2.95 +0.20 -0.10 0.052 19  -999  -999  -999  -999  -999  -999  -999  -999  -999  -999  -999  -999  -999  -999  -999  -999  -999  -999  -999  -999  -999  -999  -999  -999  -999 
9.5  -2.94 +0.10 -0.10 0.047 22  -999  -999  -999  -999  -999  -999  -999  -999  -999  -999  -999  -999  -999  -999  -999  -999  -999  -999  -999  -999  -999  -999  -999  -999  -999 
9.6  -2.79 +0.10 -0.098 0.079 32  -3.043 +0.100 -0.083 0.047 29  -999  -999  -999  -999  -999  -999  -999  -999  -999  -999  -999  -999  -999  -999  -999  -999  -999  -999  -999  -999 
9.7  -2.931 +0.088 -0.074 0.076 36  -3.021 +0.095 -0.079 0.10 34  -999  -999  -999  -999  -999  -999  -999  -999  -999  -999  -999  -999  -999  -999  -999  -999  -999  -999  -999  -999 
9.8  -2.818 +0.075 -0.064 0.096 48  -2.88 +0.20 -0.10 0.20 40  -999  -999  -999  -999  -999  -999  -999  -999  -999  -999  -999  -999  -999  -999  -999  -999  -999  -999  -999  -999 
9.9  -2.910 +0.079 -0.067 0.020 43  -2.880 +0.070 -0.061 0.10 57  -3.02 +0.20 -0.10 0.20 33  -999  -999  -999  -999  -999  -999  -999  -999  -999  -999  -999  -999  -999  -999  -999 
10.0  -2.754 +0.072 -0.062 0.10 56  -2.753 +0.052 -0.047 0.041 91  -2.991 +0.076 -0.065 0.20 52  -999  -999  -999  -999  -999  -999  -999  -999  -999  -999  -999  -999  -999  -999  -999 
10.1  -2.773 +0.066 -0.058 0.040 60  -2.791 +0.053 -0.047 0.064 88  -2.908 +0.061 -0.054 0.10 74  -999  -999  -999  -999  -999  -999  -999  -999  -999  -999  -999  -999  -999  -999  -999 
10.2  -2.655 +0.057 -0.051 0.077 76  -2.700 +0.046 -0.041 0.059 114  -2.854 +0.056 -0.050 0.10 87  -2.988 +0.052 -0.047 0.10 107  -999  -999  -999  -999  -999  -999  -999  -999  -999  -999 
10.3  -2.694 +0.062 -0.054 0.082 69  -2.672 +0.051 -0.046 0.037 118  -2.889 +0.052 -0.047 0.070 92  -2.814 +0.061 -0.054 0.049 166  -999  -999  -999  -999  -999  -999  -999  -999  -999  -999 
10.4  -2.595 +0.054 -0.048 0.067 84  -2.682 +0.043 -0.039 0.027 128  -2.730 +0.083 -0.070 0.044 126  -2.795 +0.035 -0.032 0.042 208  -999  -999  -999  -999  -999  -999  -999  -999  -999  -999 
10.5  -2.760 +0.064 -0.057 0.067 62  -2.631 +0.041 -0.038 0.068 137  -2.726 +0.056 -0.050 0.090 142  -2.746 +0.031 -0.029 0.050 255  -2.672 +0.054 -0.049 0.049 231  -999  -999  -999  -999  -999 
10.6  -2.702 +0.060 -0.053 0.059 72  -2.628 +0.041 -0.038 0.10 139  -2.765 +0.041 -0.038 0.10 139  -2.783 +0.031 -0.029 0.032 257  -2.745 +0.040 -0.037 0.036 272  -999  -999  -999  -999  -999 
10.7  -2.681 +0.060 -0.053 0.077 71  -2.682 +0.044 -0.040 0.077 122  -2.713 +0.063 -0.056 0.047 136  -2.784 +0.029 -0.027 0.031 277  -2.781 +0.030 -0.029 0.062 283  -999  -999  -999  -999  -999 
10.8  -2.799 +0.069 -0.060 0.096 55  -2.698 +0.046 -0.041 0.072 116  -2.830 +0.045 -0.041 0.10 119  -2.792 +0.030 -0.028 0.040 273  -2.745 +0.028 -0.026 0.045 334  -2.861 +0.040 -0.037 0.061 241 
10.9  -2.790 +0.074 -0.064 0.076 50  -2.856 +0.065 -0.057 0.10 76  -2.915 +0.049 -0.044 0.031 103  -2.837 +0.035 -0.032 0.063 239  -2.788 +0.028 -0.026 0.032 322  -2.913 +0.031 -0.029 0.041 275 
11.0  -2.913 +0.098 -0.081 0.082 32  -2.927 +0.060 -0.053 0.079 71  -2.967 +0.053 -0.047 0.052 90  -2.942 +0.035 -0.032 0.027 199  -2.819 +0.049 -0.045 0.056 280  -2.914 +0.037 -0.034 0.042 296 
11.1  -2.97 +0.10 -0.10 0.30 20  -2.942 +0.062 -0.055 0.049 66  -3.220 +0.072 -0.062 0.10 53  -3.114 +0.041 -0.038 0.058 139  -3.008 +0.037 -0.034 0.022 213  -3.040 +0.038 -0.035 0.034 250 
11.2  -3.17 +0.40 -0.20 0.073 8  -3.248 +0.092 -0.077 0.081 33  -3.317 +0.086 -0.073 0.20 40  -3.325 +0.057 -0.050 0.063 84  -3.162 +0.063 -0.055 0.091 128  -3.283 +0.042 -0.038 0.034 160 
11.3  -3.58 +0.30 -0.20 0.065 5  -3.44 +0.10 -0.092 0.20 23  -3.71 +0.10 -0.10 0.10 17  -3.431 +0.070 -0.061 0.081 62  -3.430 +0.060 -0.053 0.076 82  -3.566 +0.050 -0.045 0.085 97 
11.4  -999  -999  -999  -999  -999  -3.72 +0.20 -0.10 0.10 9  -3.81 +0.20 -0.10 0.10 13  -3.85 +0.10 -0.088 0.065 27  -3.606 +0.068 -0.059 0.10 58  -3.63 +0.10 -0.092 0.087 63 
11.5  -999  -999  -999  -999  -999  -4.71 +1.00 -0.40 1.2 1  -4.25 +0.30 -0.20 0.30 5  -3.86 +0.10 -0.10 0.084 18  -4.09 +0.20 -0.10 0.10 15  -3.95 +0.20 -0.10 0.10 31 
11.6  -999  -999  -999  -999  -999  -999  -999  -999  -999  -999  -4.46 +0.40 -0.20 0.045 3  -4.59 +0.30 -0.20 0.50 6  -4.29 +0.20 -0.20 0.10 9  -4.41 +0.10 -0.10 0.089 16 
11.7  -999  -999  -999  -999  -999  -999  -999  -999  -999  -999  -5.09 +1.00 -0.40 0.20 1  -4.33 +0.30 -0.20 0.10 5  -5.12 +0.60 -0.30 0.80 2  -4.68 +0.20 -0.20 0.099 8 
11.8  -999  -999  -999  -999  -999  -999  -999  -999  -999  -999  -5.05 +1.00 -0.40 0.20 1  -999  -999  -999  -999  -999  -999  -999  -999  -999  -999  -5.33 +0.60 -0.30 0.40 2 
11.9  -999  -999  -999  -999  -999  -999  -999  -999  -999  -999  -999  -999  -999  -999  -999  -999  -999  -999  -999  -999  -4.48 +1.00 -0.40 0.20 1  -999  -999  -999  -999  -999 
12.0  -999  -999  -999  -999  -999  -999  -999  -999  -999  -999  -999  -999  -999  -999  -999  -999  -999  -999  -999  -999  -999  -999  -999  -999  -999  -5.71 +1.00 -0.40 1.1 1 
