9.0 -1.899 +0.017 -0.017 0.052 1040 -2.026 +0.018 -0.017 0.043 854 -2.495 +0.048 -0.043 0.096 186  
9.1 -1.923 +0.017 -0.016 0.048 1239 -2.062 +0.017 -0.016 0.045 1030 -2.486 +0.044 -0.041 0.093 209  
9.2 -1.970 +0.015 -0.015 0.059 1397 -2.129 +0.015 -0.015 0.041 1162 -2.485 +0.038 -0.035 0.10 235  
9.3 -2.031 +0.015 -0.014 0.052 1594 -2.201 +0.014 -0.014 0.044 1328 -2.523 +0.037 -0.034 0.10 266  
9.4 -2.055 +0.014 -0.013 0.050 1874 -2.211 +0.014 -0.013 0.040 1594 -2.576 +0.033 -0.031 0.096 280  
9.5 -2.106 +0.012 -0.012 0.053 2106 -2.272 +0.012 -0.012 0.044 1790 -2.603 +0.030 -0.028 0.090 316  
9.6 -2.144 +0.012 -0.011 0.046 2465 -2.313 +0.012 -0.012 0.040 2079 -2.634 +0.026 -0.025 0.070 386  
9.7 -2.179 +0.012 -0.012 0.051 2820 -2.362 +0.011 -0.011 0.043 2385 -2.642 +0.028 -0.026 0.072 435  
9.8 -2.188 +0.010 -0.010 0.046 3434 -2.371 +0.011 -0.011 0.040 2886 -2.652 +0.021 -0.020 0.062 548  
9.9 -2.2160 +0.0086 -0.0084 0.048 3971 -2.4120 +0.0092 -0.0090 0.039 3255 -2.655 +0.018 -0.017 0.065 716  
10.0 -2.2340 +0.0080 -0.0078 0.047 4667 -2.4450 +0.0090 -0.0088 0.041 3710 -2.649 +0.015 -0.015 0.056 957  
10.1 -2.2350 +0.0069 -0.0068 0.045 5631 -2.4700 +0.0079 -0.0078 0.040 4247 -2.614 +0.013 -0.012 0.051 1384  
10.2 -2.2620 +0.0063 -0.0062 0.046 6601 -2.5240 +0.0074 -0.0072 0.041 4746 -2.607 +0.011 -0.011 0.048 1855  
10.3 -2.2520 +0.0056 -0.0056 0.049 8096 -2.5410 +0.0071 -0.0070 0.042 5423 -2.5640 +0.0089 -0.0087 0.050 2673  
10.4 -2.2850 +0.0051 -0.0051 0.045 9341 -2.6090 +0.0066 -0.0065 0.042 5831 -2.5640 +0.0077 -0.0076 0.043 3510  
10.5 -2.3170 +0.0047 -0.0046 0.046 10901 -2.6600 +0.0063 -0.0062 0.041 6441 -2.5800 +0.0069 -0.0068 0.047 4460  
10.6 -2.3650 +0.0044 -0.0044 0.049 12177 -2.7370 +0.0062 -0.0061 0.043 6706 -2.6050 +0.0062 -0.0061 0.049 5471  
10.7 -2.4190 +0.0041 -0.0041 0.049 13594 -2.8110 +0.0059 -0.0059 0.044 7001 -2.6450 +0.0057 -0.0056 0.050 6593  
10.8 -2.5040 +0.0040 -0.0040 0.047 14172 -2.9340 +0.0061 -0.0060 0.040 6580 -2.7050 +0.0053 -0.0052 0.049 7592  
10.9 -2.6070 +0.0039 -0.0039 0.046 14148 -3.0770 +0.0064 -0.0063 0.041 5829 -2.7860 +0.0050 -0.0050 0.046 8319  
11.0 -2.7280 +0.0040 -0.0040 0.046 13361 -3.2500 +0.0071 -0.0070 0.043 4715 -2.8840 +0.0049 -0.0049 0.045 8646  
11.1 -2.8880 +0.0043 -0.0043 0.043 11592 -3.4720 +0.0085 -0.0084 0.041 3306 -3.0190 +0.0050 -0.0050 0.041 8286  
11.2 -3.1040 +0.0049 -0.0048 0.041 8682 -3.769 +0.011 -0.010 0.044 1918 -3.2090 +0.0055 -0.0054 0.038 6764  
11.3 -3.3320 +0.0059 -0.0059 0.042 5717 -4.102 +0.016 -0.015 0.049 936 -3.4130 +0.0065 -0.0064 0.038 4781  
11.4 -3.6060 +0.0080 -0.0079 0.042 3119 -4.487 +0.024 -0.023 0.052 391 -3.6670 +0.0085 -0.0084 0.037 2728  
11.5 -3.953 +0.012 -0.012 0.047 1398 -4.930 +0.042 -0.038 0.077 140 -4.002 +0.013 -0.012 0.041 1258  
11.6 -4.363 +0.020 -0.019 0.050 535 -5.437 +0.079 -0.067 0.072 43 -4.401 +0.021 -0.020 0.046 492  
11.7 -4.778 +0.033 -0.031 0.057 201 -5.98 +0.20 -0.10 0.10 12 -4.806 +0.034 -0.032 0.055 189  
11.8 -5.255 +0.060 -0.053 0.066 67 -6.30 +0.30 -0.20 0.20 6 -5.296 +0.063 -0.056 0.059 61  
11.9 -5.87 +0.10 -0.10 0.10 16 -6.77 +0.60 -0.30 0.30 2 -5.93 +0.10 -0.10 0.10 14  
12.0 -6.49 +0.30 -0.20 0.20 4 -7.09 +1.00 -0.40 0.40 1 -6.61 +0.40 -0.20 0.30 3 
